0 l_b_buffer_states 3 48 0 62400 3900 0;
0 live_buffer_3-view-info info live 3 0 48000 0 62400 Live\ 3 Empty;
0 1-grid-playing 0;
0 1-ui-transport label Stopped;
0 1-grid-paused 0;
0 1-ui-transport label Stopped;
0 1-grid-position 0;
0 s_b_buffer_states 1 0 44.1 39492.6 0 631881;
0 1-ui-transport label Empty\ buffer;
0 sample_buffer_1-view-info info sample 1 0 44100 0 631881 Empty Empty;
9 1-grid-paused 0;
9 1-ui-transport label Empty\ buffer;
9 1-grid-playing 0;
9 1-ui-transport label Empty\ buffer;
9 1-grid-position 0;
20 l_b_buffer_states 3 48 0 0 0 0;
20 live_buffer_3-view-info info live 3 0 48000 0 0 Live\ 3 Empty;
20 s_b_buffer_states 1 1 44.1 39492.6 0 631881;
20 1-ui-transport label Stopped;
20 sample_buffer_1-view-info info sample 1 1 44100 0 631881 input.wav Loaded;
20 1-ui-transport label Switching\ buffer;
30 2-grid-playing 0;
30 2-ui-transport label Stopped;
30 2-grid-paused 0;
30 2-ui-transport label Stopped;
30 2-grid-position 0;
30 s_b_buffer_states 2 0 44.1 39492.6 0 631881;
30 2-ui-transport label Empty\ buffer;
30 sample_buffer_2-view-info info sample 2 0 44100 0 631881 Empty Empty;
39 2-grid-paused 0;
39 2-ui-transport label Empty\ buffer;
39 2-grid-playing 0;
39 2-ui-transport label Empty\ buffer;
39 2-grid-position 0;
40 1-grid-paused 0;
40 1-ui-transport label Switching\ buffer;
40 1-grid-playing 0;
40 1-ui-transport label Switching\ buffer;
40 1-grid-position 0;
40 1-ui-transport label Switching\ buffer;
40 1-ui-slot set 1;
40 s_b_buffer_states 1 1 44.1 39492.6 0 631881;
40 1-ui-transport label Switching\ buffer;
40 sample_buffer_1-view-info info sample 1 1 44100 0 631881 input.wav Loaded;
40 1-ui-transport label Stopped;
50 s_b_buffer_states 2 1 48 300 0 4800;
50 2-ui-transport label Stopped;
50 sample_buffer_2-view-info info sample 2 1 48000 0 4800 short\ stereo.wav Loaded;
50 2-ui-transport label Switching\ buffer;
70 2-grid-paused 0;
70 2-ui-transport label Switching\ buffer;
70 2-grid-playing 0;
70 2-ui-transport label Switching\ buffer;
70 2-grid-position 0;
70 2-ui-transport label Switching\ buffer;
70 2-ui-slot set 2;
70 s_b_buffer_states 2 1 48 300 0 4800;
70 2-ui-transport label Switching\ buffer;
70 sample_buffer_2-view-info info sample 2 1 48000 0 4800 short\ stereo.wav Loaded;
70 2-ui-transport label Stopped;
100 1-ui-transport label Switching\ buffer;
100 2-ui-transport label Switching\ buffer;
120 1-grid-paused 0;
120 1-ui-transport label Switching\ buffer;
120 1-grid-playing 0;
120 1-ui-transport label Switching\ buffer;
120 1-grid-position 0;
120 1-ui-transport label Switching\ buffer;
120 1-ui-slot set 1;
120 s_b_buffer_states 1 1 44.1 39492.6 0 631881;
120 1-ui-transport label Switching\ buffer;
120 sample_buffer_1-view-info info sample 1 1 44100 0 631881 input.wav Loaded;
120 1-ui-transport label Stopped;
120 2-grid-paused 0;
120 2-ui-transport label Switching\ buffer;
120 2-grid-playing 0;
120 2-ui-transport label Switching\ buffer;
120 2-grid-position 0;
120 2-ui-transport label Switching\ buffer;
120 2-ui-slot set 1;
120 s_b_buffer_states 1 1 44.1 39492.6 0 631881;
120 2-ui-transport label Switching\ buffer;
120 1-ui-transport label Stopped;
120 sample_buffer_1-view-info info sample 1 1 44100 0 631881 input.wav Loaded;
120 2-ui-transport label Stopped;
150 audio-1-out 0.4;
150 audio-2-out 0.3;
150 ppq 201;
150 clock-run-ui set 1;
184.091 ppq 202;
218.182 ppq 203;
252.273 ppq 204;
286.364 ppq 205;
300 1-grid-playing 1;
300 1-ui-transport label Playing;
300 1-grid-position 0;
300 1-grid-paused 0;
300 1-ui-transport label Playing;
300 2-grid-playing 1;
300 2-ui-transport label Playing;
300 2-grid-position 0;
300 2-grid-paused 0;
300 2-ui-transport label Playing;
320 1-grid-position 0.00134519;
320 2-grid-position 0.00134519;
320.455 ppq 206;
340 1-grid-position 0.00276318;
340 2-grid-position 0.00276318;
354.545 ppq 207;
360 1-grid-position 0.00418117;
360 2-grid-position 0.00418117;
380 1-grid-position 0.00549787;
380 2-grid-position 0.00549787;
388.636 ppq 208;
400 1-grid-position 0.00691586;
400 2-grid-position 0.00691586;
420 1-grid-position 0.00833385;
420 2-grid-position 0.00833385;
422.727 ppq 209;
440 1-grid-position 0.00975184;
440 2-grid-position 0.00975184;
456.818 ppq 210;
460 1-grid-position 0.0110685;
460 2-grid-position 0.0110685;
480 1-grid-position 0.0124865;
480 2-grid-position 0.0124865;
490.909 ppq 211;
500 1-open-player-view;
500 mlr-close-views;
500 1-grid-position 0.0139045;
500 2-grid-position 0.0139045;
520 1-grid-position 0.0153225;
520 2-grid-position 0.0153225;
525 ppq 212;
540 1-grid-position 0.0167405;
540 2-grid-position 0.0167405;
559.091 ppq 213;
560 1-grid-position 0.0180572;
560 2-grid-position 0.0180572;
580 1-grid-position 0.0194752;
580 2-grid-position 0.0194752;
593.182 ppq 214;
600 1-grid-position 0.0208932;
600 2-grid-position 0.0208932;
620 1-grid-position 0.0223112;
620 2-grid-position 0.0223112;
627.273 ppq 215;
640 1-grid-position 0.0237291;
640 2-grid-position 0.0237291;
660 1-grid-position 0.0250459;
660 2-grid-position 0.0250459;
661.364 ppq 216;
680 1-grid-position 0.0264638;
680 2-grid-position 0.0264638;
695.455 ppq 217;
700 1-grid-position 0.0278818;
700 2-grid-position 0.0278818;
720 1-grid-position 0.0292998;
720 2-grid-position 0.0292998;
729.545 ppq 218;
740 1-grid-position 0.0306165;
740 2-grid-position 0.0306165;
760 1-grid-position 0.0320345;
760 2-grid-position 0.0320345;
763.636 ppq 219;
780 1-grid-position 0.0334525;
780 2-grid-position 0.0334525;
797.727 ppq 220;
800 1-grid-position 0.0348705;
800 2-grid-position 0.0348705;
820 1-grid-position 0.0362885;
820 2-grid-position 0.0362885;
831.818 ppq 221;
840 1-grid-position 0.0376052;
840 2-grid-position 0.0376052;
860 1-grid-position 0.0390232;
860 2-grid-position 0.0390232;
865.909 ppq 222;
880 1-grid-position 0.0404412;
880 2-grid-position 0.0404412;
900 ppq 223;
900 1-grid-position 0.0418591;
900 2-grid-position 0.0418591;
920 1-grid-position 0.0431758;
920 2-grid-position 0.0431758;
934.091 ppq 224;
940 1-grid-position 0.0445938;
940 2-grid-position 0.0445938;
960 1-grid-position 0.0460118;
960 2-grid-position 0.0460118;
968.182 ppq 225;
980 1-grid-position 0.0474298;
980 2-grid-position 0.0474298;
1000 1-grid-position 0.0488478;
1000 2-grid-position 0.0488478;
1002.27 ppq 226;
1020 1-grid-position 0.0501645;
1020 2-grid-position 0.0501645;
1036.36 ppq 227;
1040 1-grid-position 0.0515825;
1040 2-grid-position 0.0515825;
1060 1-grid-position 0.0530005;
1060 2-grid-position 0.0530005;
1070.45 ppq 228;
1080 1-grid-position 0.0544185;
1080 2-grid-position 0.0544185;
1100 1-grid-position 0.0557352;
1100 2-grid-position 0.0557352;
1104.55 ppq 229;
1120 1-grid-position 0.0571532;
1120 2-grid-position 0.0571532;
1138.64 ppq 230;
1140 1-grid-position 0.0585711;
1140 2-grid-position 0.0585711;
1160 1-grid-position 0.0599891;
1160 2-grid-position 0.0599891;
1172.73 ppq 231;
1180 1-grid-position 0.0614071;
1180 2-grid-position 0.0614071;
1200 1-grid-position 0.0627238;
1200 2-grid-position 0.0627238;
1206.82 ppq 232;
1220 1-grid-position 0.0641418;
1220 2-grid-position 0.0641418;
1240 1-grid-position 0.0655598;
1240 2-grid-position 0.0655598;
1240.91 ppq 233;
1260 1-grid-position 0.0669778;
1260 2-grid-position 0.0669778;
1275 ppq 234;
1280 1-grid-position 0.0683958;
1280 2-grid-position 0.0683958;
1300 1-grid-position 0.0697125;
1300 2-grid-position 0.0697125;
1309.09 ppq 235;
1320 1-grid-position 0.0711305;
1320 2-grid-position 0.0711305;
1340 1-grid-position 0.0725485;
1340 2-grid-position 0.0725485;
1343.18 ppq 236;
1360 1-grid-position 0.0739665;
1360 2-grid-position 0.0739665;
1377.27 ppq 237;
1380 1-grid-position 0.0752832;
1380 2-grid-position 0.0752832;
1400 1-grid-position 0.0767011;
1400 2-grid-position 0.0767011;
1411.36 ppq 238;
1420 1-grid-position 0.0781191;
1420 2-grid-position 0.0781191;
1440 1-grid-position 0.0795371;
1440 2-grid-position 0.0795371;
1445.45 ppq 239;
1460 1-grid-position 0.0809551;
1460 2-grid-position 0.0809551;
1479.55 ppq 240;
1480 1-grid-position 0.0822718;
1480 2-grid-position 0.0822718;
1500 1-grid-position 0.0836898;
1500 2-grid-position 0.0836898;
1513.64 ppq 241;
1520 1-grid-position 0.0851078;
1520 2-grid-position 0.0851078;
1540 1-grid-position 0.0865258;
1540 2-grid-position 0.0865258;
1547.73 ppq 242;
1560 1-grid-position 0.0878425;
1560 2-grid-position 0.0878425;
1580 1-grid-position 0.0892605;
1580 2-grid-position 0.0892605;
1581.82 ppq 243;
1600 1-grid-position 0.0906785;
1600 2-grid-position 0.0906785;
1615.91 ppq 244;
1620 1-grid-position 0.0920964;
1620 2-grid-position 0.0920964;
1640 1-grid-position 0.0935144;
1640 2-grid-position 0.0935144;
1650 ppq 245;
1660 1-grid-position 0.0948311;
1660 2-grid-position 0.0948311;
1680 1-grid-position 0.0962491;
1680 2-grid-position 0.0962491;
1684.09 ppq 246;
1700 1-grid-position 0.0976671;
1700 2-grid-position 0.0976671;
1718.18 ppq 247;
1720 1-grid-position 0.0990851;
1720 2-grid-position 0.0990851;
1740 1-grid-position 0.100402;
1740 2-grid-position 0.100402;
1752.27 ppq 248;
1760 1-grid-position 0.10182;
1760 2-grid-position 0.10182;
1780 1-grid-position 0.103238;
1780 2-grid-position 0.103238;
1786.36 ppq 249;
1800 waveform-peaks-reply info sample 1 1 44100 0 631881 input.wav Loaded;
1800 waveform-peaks-reply peaks sample_buffer_1 0 631881 -0.969765 0.969766 -0.969765 0.969765 -0.93171 0.963122 -0.969765 0.899284 -0.831418 0.658267 -0.458412 0.522 -0.0435669 0.000231266 -3.57628e-07 0.0680367 -3.57628e-07 3.57628e-07 -4.76837e-07 3.57628e-07 -3.57628e-07 3.57628e-07 -3.57628e-07 3.57628e-07 -3.57628e-07 3.57628e-07 -3.57628e-07 3.57628e-07 -0.375993 0.377123 -0.426135 0.488776 -0.217769 0.230486 -0.275072 0.220195 -0.0194129 0.0236677 -0.021283 0.0170478 0.000596642 0.00179505 -0.00174594 -0.000597119 0.000231147 0.000604391 -0.00060904 -0.000235438 7.62939e-05 0.000235558 -0.000235558 -7.60555e-05 2.81334e-05 7.62939e-05 -7.62939e-05 -2.83718e-05 1.0252e-05 2.8491e-05 -2.83718e-05 -1.0252e-05 3.57628e-06 1.07288e-05 -1.06096e-05 -3.57628e-06 1.19209e-06 4.17233e-06 -4.17233e-06 -1.19209e-06 2.38419e-07 1.78814e-06 -1.78814e-06 -1.19209e-07 -0.310341 0.107844 -0.312718 0.108138 -0.969765 0.969765 -0.969765 0.969765 -0.967985 0.969766 -0.969765 0.932871 -0.540312 0.699651 -0.485123 0.540032 -0.00188887 0.00433505 -0.00397122 0.00176716 0.000350833 0.00100148 -0.00100553 -0.000376225 0.000125527 0.000376225 -0.000379086 -0.000125527 -0.953767 0.967589 -0.95628 0.969765 -0.930463 0.738996 -0.930121 0.739811 -0.695565 0.559493 -0.295342 0.311341 -0.00679481 0.00609565 -0.00658977 0.00869036 -0.00440359 0.00729096 -0.010668 0.0150394 -0.00702703 0.00834131 -0.00987184 0.0106786 -0.340077 0.313364 -0.230019 0.228221 -0.372233 0.407785 -0.303408 0.354417 -0.289221 0.337779 -0.323563 0.305704 -0.0437276 0.0417222 -0.0404377 0.0380664 -0.00159883 0.00335062 -0.00230002 0.000521898 -0.000710845 0.00145006 -0.00118649 0.000552416 -0.000959873 0.00152159 -0.000838876 0.000617623 -0.33472 0.339918 -0.22314 0.223498 -0.116604 0.0912901 -0.0607117 0.0724266 -0.0326676 0.0490301 -0.0110338 0.0148242 -0.00379753 0.00295401 -0.000999689 0.00125647 -0.00221097 0.00249004 -0.00162041 0.00150359 -0.912042 0.840445 -0.969765 0.842949 -0.969765 0.969765 -0.969765 0.969765 -0.969765 0.969765 -0.969765 0.905867 -0.541208 0.624192 -0.487055 0.36172 -0.000401378 0.00399292 -0.00380564 0.00108039 0.000178456 0.00137365 -0.00110161 -0.000204086 -9.53674e-07 0.000533819 -0.000573397 1.96695e-05 -2.02656e-05 0.00020206 -0.00020957 9.31025e-05 -8.01086e-05 0.00012815 -0.000188828 9.81092e-05 -0.000111461 0.000158072 -0.000151992 0.000157475 -6.67572e-05 9.64403e-05 -0.000147223 8.15392e-05 -6.11544e-05 4.74453e-05 -8.78572e-05 9.33409e-05 -2.76566e-05 3.68357e-05 -5.20945e-05 6.25849e-05 -1.94311e-05 2.95639e-05 -4.18425e-05 3.80278e-05 -0.381302 0.365118 -0.445219 0.436972 -0.163945 0.216662 -0.207992 0.224714 -0.0140653 0.0205758 -0.021198 0.0196528 0.000595808 0.00169826 -0.00165999 -0.000596046 0.000211835 0.000603795 -0.00061357 -0.000234604 -0.912671 0.948057 -0.969765 0.969765 -0.969765 0.969765 -0.969765 0.94731 -0.928234 0.809554 -0.926668 0.899268 -0.389889 0.335759 -0.286422 0.348514 -9.53674e-07 6.67572e-06 -7.62939e-06 2.5034e-06 -2.14577e-06 4.64916e-06 -4.05312e-06 2.26498e-06 -2.02656e-06 2.6226e-06 -2.86102e-06 2.38419e-06 -0.158146 0.158464 -0.118135 0.168304 -0.335629 0.390389 -0.395159 0.442926 -0.0761498 0.0716796 -0.0682625 0.0887712 -0.00189328 0.00434577 -0.00398231 0.00177145 0.000350833 0.00100183 -0.00100636 -0.000375867 0.000125527 0.000376463 -0.000378728 -0.000125885 -0.953767 0.967589 -0.956281 0.969765 -0.930463 0.738995 -0.930121 0.739811 -0.695565 0.559493 -0.295342 0.31134 -0.00679481 0.00609565 -0.00658989 0.00868988 -0.00440359 0.00729084 -0.0106682 0.0150391 -0.00702715 0.00834107 -0.00987172 0.0106788 -0.340116 0.317605 -0.234294 0.228312 -0.376401 0.408349 -0.304128 0.35403 -0.297181 0.33396 -0.32266 0.306054 -0.0433024 0.0412309 -0.0407869 0.0383087 -0.00161123 0.00331843 -0.00230801 0.000524879 -0.000716686 0.00146055 -0.00118983 0.00054729 -0.953667 0.966956 -0.955484 0.969765 -0.969765 0.969765 -0.969765 0.969765 -0.969765 0.969765 -0.969765 0.912785 -0.844823 0.799814 -0.542088 0.930451 -0.119507 0.33922 -0.289114 0.294694 -0.00346792 0.00399518 -0.00528336 0.0061115 -0.00878143 0.0100456 -0.0102022 0.0110132 -0.159282 0.158154 -0.11722 0.169465 -0.374763 0.377224 -0.424663 0.489543 -0.0738472 0.0954782 -0.0651718 0.0859751 -0.00137186 0.00498354 -0.00427353 0.00220323 0.000165939 0.00137448 -0.00110018 -0.000215411 -7.15256e-07 0.000529051 -0.000571012 2.34842e-05 -0.969765 0.969765 -0.969765 0.969765 -0.931676 0.963146 -0.969765 0.899233 -0.831426 0.658294 -0.458517 0.521944 -0.0435203 0.000219345 -0.000148416 0.0680395 -6.13928e-05 4.76837e-05 -8.79765e-05 9.44138e-05 -2.82526e-05 3.69549e-05 -5.30481e-05 6.38962e-05 -2.0504e-05 2.93255e-05 -4.18425e-05 3.77893e-05 -0.375985 0.377129 -0.426132 0.488774 -0.217777 0.230462 -0.275055 0.220212 -0.0194224 0.0236583 -0.0212847 0.0170465 0.000596762 0.00178707 -0.00174117 -0.000595808 0.000211596 0.000604868 -0.000612855 -0.000235438 7.49826e-05 0.000245094 -0.000234962 -7.60555e-05 2.59876e-05 7.9155e-05 -7.86781e-05 -2.51532e-05 7.86781e-06 2.95639e-05 -3.19481e-05 -8.9407e-06 1.66893e-06 1.3113e-05 -1.29938e-05 -1.19209e-06 -1.07288e-06 6.55651e-06 -7.51019e-06 2.26498e-06 -2.14577e-06 4.64916e-06 -3.93391e-06 2.38419e-06 -0.31034 0.107844 -0.312717 0.108139 -0.969765 0.969765 -0.969766 0.969765 -0.967985 0.969765 -0.969765 0.93287 -0.540312 0.699651 -0.485124 0.540032 -0.00188899 0.00433445 -0.00397205 0.00176668 0.000351071 0.00100136 -0.00100613 -0.000376225 0.000125647 0.000376105 -0.000378728 -0.000125766 -0.953767 0.967589 -0.95628 0.969765 -0.930463 0.738996 -0.930121 0.739811 -0.695565 0.559493 -0.295342 0.31134 -0.00679493 0.00609565 -0.00659001 0.00869024 -0.00440359 0.00729096 -0.010668 0.0150392 -0.00702727 0.00834119 -0.00987196 0.0106788 -0.340116 0.317605 -0.234294 0.228298 -0.376395 0.408331 -0.304173 0.354051 -0.298219 0.333085 -0.32209 0.305786 -0.0423759 0.0403153 -0.0404911 0.0380697 -0.00161421 0.00331783 -0.0023042 0.00051713 -0.000713468 0.00145066 -0.00118852 0.000538707 -0.00097239 0.00149953 -0.000846744 0.000608444 -0.334783 0.339967 -0.223165 0.2235 -0.115769 0.0907567 -0.0601722 0.072639 -0.0329065 0.0470457 -0.011292 0.014127 -0.00371897 0.00282979 -0.00102293 0.00128794 -0.00219738 0.00248122 -0.00161386 0.00150526 -0.309918 0.107538 -0.312698 0.107852 -0.969765 0.969765 -0.969765 0.969765 -0.966823 0.969765 -0.959248 0.939575 -0.533655 0.684358 -0.470875 0.536824 -0.000420213 0.00398219 -0.00381172 0.00107265 0.000167012 0.00136817 -0.00109887 -0.000212789 3.21865e-06 0.000530362 -0.000573993 2.16961e-05 -2.19345e-05 0.000199199 -0.000213504 9.09567e-05 -7.31945e-05 0.000120997 -0.000186443 9.67979e-05 -0.000112057 0.000157952 -0.000151634 0.000160336 -6.40154e-05 9.26256e-05 -0.000149965 8.01086e-05 -5.94854e-05 4.70877e-05 -8.64267e-05 9.42945e-05 -2.52724e-05 3.45707e-05 -5.22137e-05 6.31809e-05 -1.95503e-05 2.82526e-05 -4.18425e-05 3.83854e-05 -0.399789 0.408107 -0.448525 0.576876 -0.178979 0.175429 -0.223412 0.233401 -0.012683 0.0206437 -0.0188037 0.0152671 0.000595927 0.00169432 -0.00166094 -0.000595808 0.000212431 0.000603676 -0.000613093 -0.000235081 -0.912671 0.948057 -0.969765 0.969765 -0.969765 0.969765 -0.969765 0.94731 -0.928059 0.809554 -0.926629 0.899268 -0.389889 0.335759 -0.286422 0.348514 -1.19209e-06 6.4373e-06 -7.7486e-06 2.14577e-06 -2.14577e-06 4.88758e-06 -3.93391e-06 2.5034e-06 -2.02656e-06 2.5034e-06 -2.98023e-06 2.6226e-06 -0.158146 0.158464 -0.118135 0.168304 -0.375993 0.377123 -0.426136 0.488777 -0.0734588 0.0954057 -0.0652744 0.0862011 -0.00158167 0.00471807 -0.00412333 0.00236177 0.000350952 0.000998974 -0.00100636 -0.000375986 0.000125527 0.000375986 -0.000378966 -0.000125766 -0.953767 0.967589 -0.956281 0.969765 -0.930463 0.738996 -0.930121 0.739811 -0.695564 0.559493 -0.295342 0.311341 -0.00679481 0.00609565 -0.00658977 0.00869012 -0.00440371 0.00729084 -0.010668 0.0150393 -0.00702727 0.00834119 -0.00987184 0.0106786 -0.340116 0.317605 -0.234293 0.228298 -0.376436 0.408281 -0.303757 0.354426 -0.293855 0.335348 -0.323043 0.304966 -0.0428289 0.0406535 -0.040796 0.0382404 -0.00160658 0.00333488 -0.00231707 0.000515699 -0.000706315 0.00145006 -0.00118792 0.000538349 -0.000973463 0.0015322 -0.000850677 0.000617146 -0.00190151 0.00156975 -0.000672936 0.000545502 -0.000842929 0.000949502 -0.000497699 0.000448227 -0.000708222 0.000612378 -0.000320077 0.000301123 -0.000538111 0.00053823 -0.000282764 0.000261784 -0.000291467 0.000284791 -0.000248313 0.000187397 -0.912827 0.841287 -0.969765 0.843542 -0.969766 0.969766 -0.969766 0.969765 -0.931708 0.963113 -0.926736 0.899292 -0.525017 0.619713 -0.458395 0.348511 -6.22272e-05 8.54731e-05 -9.01222e-05 8.88109e-05 -4.56572e-05 3.45707e-05 -7.76052e-05 6.36578e-05 -2.75373e-05 2.37226e-05 -4.81606e-05 3.99351e-05 -0.969765 0.969765 -0.969765 0.969765 -0.931705 0.963121 -0.969765 0.89929 -0.831415 0.658258 -0.458413 0.522002 -0.0435666 0.000224233 -1.64509e-05 0.0680344 -1.90735e-05 1.81198e-05 -1.03712e-05 1.0848e-05 -1.94311e-05 1.89543e-05 -7.39098e-06 5.96046e-06 -1.54972e-05 1.56164e-05 -5.36442e-06 6.19888e-06 -0.335626 0.390391 -0.39516 0.442924 -0.246543 0.214288 -0.294697 0.265334 -0.0185571 0.022207 -0.0207205 0.0193479 0.000595689 0.00179493 -0.00174916 -0.000594974 0.00022912 0.000603557 -0.000607133 -0.000235319 7.58171e-05 0.000234842 -0.000237226 -7.48634e-05 2.8491e-05 7.58171e-05 -7.59363e-05 -2.75373e-05 9.89437e-06 2.8491e-05 -2.90871e-05 -1.00136e-05 3.21865e-06 1.09673e-05 -1.14441e-05 -2.74181e-06 1.07288e-06 4.76837e-06 -4.88758e-06 -5.96046e-07 0 1.90735e-06 -2.5034e-06 0 -0.310341 0.107845 -0.312718 0.108138 -0.969765 0.969765 -0.969765 0.969765 -0.969765 0.969765 -0.96362 0.911581 -0.540078 0.733495 -0.489318 0.548069 -0.00157869 0.00470829 -0.00411284 0.00235701 0.000350952 0.000999093 -0.00100565 -0.000376344 0.000125527 0.000376105 -0.000378847 -0.000125527 -0.953767 0.967589 -0.95628 0.969765 -0.930463 0.738996 -0.930121 0.739811 -0.695565 0.559493 -0.295342 0.311341 -0.00679457 0.00609577 -0.00658965 0.00869036 -0.00440371 0.00729084 -0.0106682 0.0150392 -0.00702715 0.00834119 -0.00987196 0.0106789 -0.340116 0.317605 -0.234291 0.228299 -0.376397 0.408316 -0.304168 0.35386 -0.294935 0.335332 -0.322844 0.306236 -0.0428888 0.0407041 -0.0403954 0.0379906 -0.00161195 0.00331593 -0.00230753 0.00052166 -0.00074625 0.00146568 -0.00118804 0.000543475 -0.000982285 0.001531 -0.000838518 0.000612497 -0.334805 0.339908 -0.223177 0.223516 -0.116758 0.0917556 -0.060975 0.0721532 -0.0329705 0.0479501 -0.0110015 0.0143526 -0.00370264 0.00282347 -0.00103593 0.00127375 -0.00219083 0.00249147 -0.0016222 0.0014993 -0.912008 0.840436 -0.969765 0.842947 -0.969765 0.969765 -0.969765 0.969765 -0.969765 0.969765 -0.969765 0.905852 -0.541194 0.624145 -0.487059 0.361725 -0.0004282 0.00398707 -0.00381017 0.00107586 0.000170827 0.00135124 -0.00109696 -0.000212193 2.5034e-06 0.000528574 -0.000574708 2.40803e-05 -1.62125e-05 0.000190973 -0.000207901 8.82149e-05 -7.62939e-05 0.000126958 -0.000187755 9.78708e-05 -0.000111818 0.000157118 -0.000152707 0.000160456 -6.46114e-05 9.35793e-05 -0.000146151 8.18968e-05 -5.99623e-05 4.68493e-05 -8.63075e-05 9.15527e-05 -2.58684e-05 3.57628e-05 -5.126e-05 6.18696e-05 -1.96695e-05 2.90871e-05 -4.14848e-05 3.57628e-05 -0.381301 0.365119 -0.445218 0.436972 -0.163944 0.216661 -0.207992 0.224714 -0.0140657 0.0205752 -0.0211974 0.0196537 0.000595808 0.00169802 -0.00165999 -0.000595808 0.000211596 0.000603557 -0.00061357 -0.000234604 -0.912671 0.948057 -0.969765 0.969765 -0.969766 0.969765 -0.969766 0.94731 -0.928235 0.809554 -0.926669 0.899268 -0.389889 0.335759 -0.286423 0.348514 -8.34465e-07 6.55651e-06 -7.39098e-06 2.5034e-06 -2.14577e-06 4.64916e-06 -4.05312e-06 2.38419e-06 -1.90735e-06 2.5034e-06 -2.86102e-06 2.5034e-06 -0.158146 0.158464 -0.118135 0.168304 -0.375993 0.377123 -0.426136 0.488777 -0.0734591 0.0954055 -0.0652741 0.0862011 -0.00158179 0.00471866 -0.00412297 0.00236142 0.000350714 0.000999212 -0.00100648 -0.000375986 0.000125527 0.000375867 -0.000378728 -0.000125647 -0.953767 0.967589 -0.95628 0.969765 -0.930463 0.738996 -0.93012 0.739811 -0.695564 0.559493 -0.295342 0.31134 -0.00679493 0.00609577 -0.00659001 0.00869036 -0.00440371 0.00729084 -0.0106684 0.0150392 -0.00702691 0.00834131 -0.00987196 0.0106789 -0.340116 0.317605 -0.234295 0.228308 -0.376331 0.40834 -0.304265 0.353906 -0.292186 0.336288 -0.323005 0.305074 -0.043223 0.0410919 -0.0406631 0.0382032 -0.00161004 0.00334632 -0.00230443 0.00052321 -0.000725508 0.00146401 -0.00117767 0.000541687 -0.953649 0.966936 -0.955474 0.969765 -0.969765 0.969765 -0.969765 0.969765 -0.969765 0.969765 -0.969766 0.912706 -0.844795 0.799115 -0.541941 0.930298 -0.119471 0.339281 -0.289098 0.294088 -0.00347388 0.00400519 -0.00527835 0.00611627 -0.00877917 0.0100527 -0.0101913 0.0110197 -0.159262 0.158172 -0.117234 0.169446 -0.374746 0.377224 -0.424647 0.489547 -0.0738671 0.0954922 -0.0651709 0.0859803 -0.00138855 0.00501239 -0.00426555 0.00221205 0.000168562 0.00138211 -0.0010972 -0.000213981 2.26498e-06 0.000524521 -0.000573874 2.71797e-05 -0.969765 0.969765 -0.969765 0.969765 -0.931677 0.963145 -0.969765 0.899236 -0.831154 0.658295 -0.458521 0.521949 -0.0435162 0.000222325 -0.000151992 0.0680349 -6.09159e-05 4.72069e-05 -8.86917e-05 9.53674e-05 -2.80142e-05 3.67165e-05 -5.28097e-05 6.4373e-05 -1.96695e-05 2.82526e-05 -4.12464e-05 3.69549e-05 -0.335624 0.390388 -0.395156 0.442938 -0.24656 0.214281 -0.294683 0.265343 -0.0185649 0.022215 -0.0207204 0.0193485 0.000596762 0.00178874 -0.00174272 -0.000595927 0.000210881 0.00060451 -0.000613213 -0.000234962 7.53403e-05 0.000245333 -0.0002352 -7.62939e-05 2.63453e-05 7.89165e-05 -7.86781e-05 -2.5034e-05 7.98702e-06 2.99215e-05 -3.18289e-05 -8.70228e-06 1.54972e-06 1.29938e-05 -1.3113e-05 -1.3113e-06 -9.53674e-07 6.55651e-06 -7.51019e-06 2.38419e-06 -2.38419e-06 4.88758e-06 -3.8147e-06 2.5034e-06 -0.310341 0.107844 -0.312717 0.108139 -0.969765 0.969766 -0.969766 0.969765 -0.969765 0.969765 -0.964236 0.912462 -0.540641 0.732979 -0.489413 0.547127 -0.00157833 0.00470769 -0.00411367 0.00235593 0.000350833 0.000999212 -0.0010066 -0.000376105 0.000125647 0.000376105 -0.000378847 -0.000125766 -0.953767 0.967589 -0.95628 0.969765 -0.930463 0.738996 -0.93012 0.739811 -0.695564 0.559493 -0.295342 0.31134 -0.00679493 0.00609565 -0.00658977 0.00869 -0.00440383 0.00729072 -0.010668 0.0150393 -0.00702727 0.00834131 -0.00987196 0.0106789 -0.340115 0.317604 -0.234294 0.2283 -0.376433 0.40826 -0.304382 0.35362 -0.295941 0.334605 -0.322213 0.306404 -0.0427374 0.0405949 -0.0404521 0.0380726 -0.00160956 0.00332737 -0.0023042 0.000517488 -0.000727296 0.00145924 -0.00117993 0.000543118 -0.00097239 0.0014987 -0.000846863 0.000615835 -0.334771 0.339909 -0.223167 0.223482 -0.116457 0.0913541 -0.0610164 0.0724391 -0.0325432 0.0488642 -0.0108818 0.0146414 -0.00370359 0.00283265 -0.00101495 0.00128174 -0.00220251 0.00249612 -0.00162041 0.00150204 -0.00121689 0.00138652 -0.000726342 0.000797749 -0.969765 0.965781 -0.969766 0.969765 -0.942676 0.969765 -0.969765 0.897623 -0.840507 0.674351 -0.469866 0.524069 -0.116695 0.00230718 -0.0102195 0.116971 0.000161171 0.00135863 -0.00109816 -0.000211835 1.3113e-06 0.000536084 -0.000572801 2.59876e-05 -1.60933e-05 0.000201464 -0.000207543 8.84533e-05 -7.52211e-05 0.000123501 -0.000185609 0.000100017 -0.000115991 0.000158906 -0.000155568 0.000159025 -6.3777e-05 9.4533e-05 -0.000149488 8.03471e-05 -5.93662e-05 4.87566e-05 -8.70228e-05 9.41753e-05 -2.6226e-05 3.51667e-05 -5.34058e-05 6.35386e-05 -1.96695e-05 2.86102e-05 -4.20809e-05 3.83854e-05 -0.381301 0.365117 -0.445219 0.436972 -0.163947 0.216665 -0.207992 0.224714 -0.0140649 0.0205771 -0.0211979 0.0196526 0.00059545 0.00169945 -0.00165975 -0.000596523 0.000211239 0.000603557 -0.000613689 -0.000235081 -0.912671 0.948057 -0.969765 0.969765 -0.969765 0.969765 -0.969766 0.94731 -0.928235 0.809554 -0.926669 0.899268 -0.389889 0.335759 -0.286423 0.348514 -1.07288e-06 6.55651e-06 -7.39098e-06 2.38419e-06 -2.26498e-06 4.76837e-06 -4.17233e-06 2.5034e-06 -1.90735e-06 2.6226e-06 -2.86102e-06 2.6226e-06 -0.158146 0.158464 -0.118135 0.168304 -0.375993 0.377123 -0.426136 0.488777 -0.0734593 0.0954056 -0.0652741 0.0862013 -0.00158215 0.0047183 -0.00412297 0.0023613 0.000350714 0.000998735 -0.00100255 -0.000375986 0.000125527 0.000375867 -0.000378728 -0.000125766 -0.953767 0.967589 -0.95628 0.969765 -0.930463 0.738996 -0.930121 0.739811 -0.695564 0.559493 -0.295342 0.311341 -0.00679493 0.00609553 -0.00658989 0.00869036 -0.00440395 0.00729072 -0.010668 0.0150393 -0.00702715 0.00834119 -0.00987184 0.0106788 -0.0329491 0.0234218 -0.0425402 0.0395677 -0.0333588 0.0259911 -0.00336802 0.00400639 -0.0025897 0.00323892 -0.00206161 0.0017395 -0.000116944 0.000125527 -6.54459e-05 0.00012362 -3.57628e-07 3.57628e-07 -3.57628e-07 3.57628e-07 -3.57628e-07 3.57628e-07 -3.57628e-07 4.76837e-07 -3.57628e-07 3.57628e-07 -3.57628e-07 3.57628e-07 -3.57628e-07 3.57628e-07 -3.57628e-07 3.57628e-07 -3.57628e-07 3.57628e-07 -3.57628e-07 3.57628e-07 -3.57628e-07 4.76837e-07 -3.57628e-07 3.57628e-07 -3.57628e-07 3.57628e-07 -3.57628e-07 3.57628e-07 -3.57628e-07 3.57628e-07 -4.76837e-07 3.57628e-07 -3.57628e-07 3.57628e-07 -3.57628e-07 3.57628e-07 -3.57628e-07 3.57628e-07 -4.76837e-07 3.57628e-07 -3.57628e-07 3.57628e-07 -3.57628e-07 4.76837e-07 -3.57628e-07 3.57628e-07 -3.57628e-07 3.57628e-07 -3.57628e-07 3.57628e-07 -3.57628e-07 3.57628e-07 -3.57628e-07 3.57628e-07 -3.57628e-07 4.76837e-07 -3.57628e-07 3.57628e-07 -4.76837e-07 4.76837e-07;
1800 1-grid-position 0.104656;
1800 2-grid-position 0.104656;
1820 1-grid-position 0.106074;
1820 2-grid-position 0.106074;
1820.45 ppq 250;
1840 1-grid-position 0.10739;
1840 2-grid-position 0.10739;
1854.55 ppq 251;
1860 1-grid-position 0.108808;
1860 2-grid-position 0.108808;
1880 1-grid-position 0.110226;
1880 2-grid-position 0.110226;
1888.64 ppq 252;
1900 1-grid-position 0.111644;
1900 2-grid-position 0.111644;
1920 1-grid-position 0.113062;
1920 2-grid-position 0.113062;
1922.73 ppq 253;
1940 1-grid-position 0.114379;
1940 2-grid-position 0.114379;
1956.82 ppq 254;
1960 1-grid-position 0.115797;
1960 2-grid-position 0.115797;
1980 1-grid-position 0.117215;
1980 2-grid-position 0.117215;
1990.91 ppq 255;
2000 l_b_buffer_states 3 48 0 0 0 0;
2000 live_buffer_3-view-info info live 3 0 48000 0 0 Live\ 3 Empty;
2000 live_buffer_3-view-info info live 3 0 48000 0 0 Live\ 3 Recording;
2000 l_b_buffer_states 3 44.1 0 0 0 0;
2000 live_buffer_3-view-info info live 3 0 44100 0 0 Live\ 3 Recording;
2000 l_b_storage_events 3 ready 132300;
2000 1-grid-position 0.118633;
2000 2-grid-position 0.118633;
2020 1-grid-position 0.11995;
2020 2-grid-position 0.11995;
2025 ppq 256;
2040 1-grid-position 0.121368;
2040 2-grid-position 0.121368;
2059.09 ppq 257;
2060 1-grid-position 0.122786;
2060 2-grid-position 0.122786;
2080 1-grid-position 0.124204;
2080 2-grid-position 0.124204;
2093.18 ppq 258;
2100 1-grid-position 0.125622;
2100 2-grid-position 0.125622;
2120 1-grid-position 0.126938;
2120 2-grid-position 0.126938;
2127.27 ppq 259;
2140 1-grid-position 0.128356;
2140 2-grid-position 0.128356;
2160 1-grid-position 0.129774;
2160 2-grid-position 0.129774;
2161.36 ppq 260;
2180 1-grid-position 0.131192;
2180 2-grid-position 0.131192;
2195.45 ppq 261;
2200 1-grid-position 0.132509;
2200 2-grid-position 0.132509;
2220 1-grid-position 0.133927;
2220 2-grid-position 0.133927;
2229.55 ppq 262;
2240 1-grid-position 0.135345;
2240 2-grid-position 0.135345;
2260 1-grid-position 0.136763;
2260 2-grid-position 0.136763;
2263.64 ppq 263;
2280 1-grid-position 0.138181;
2280 2-grid-position 0.138181;
2297.73 ppq 264;
2300 1-grid-position 0.139498;
2300 2-grid-position 0.139498;
2320 1-grid-position 0.140916;
2320 2-grid-position 0.140916;
2331.82 ppq 265;
2340 1-grid-position 0.142334;
2340 2-grid-position 0.142334;
2360 1-grid-position 0.143752;
2360 2-grid-position 0.143752;
2365.91 ppq 266;
2380 1-grid-position 0.145068;
2380 2-grid-position 0.145068;
2400 ppq 267;
2400 1-grid-position 0.146486;
2400 2-grid-position 0.146486;
2420 1-grid-position 0.147904;
2420 2-grid-position 0.147904;
2434.09 ppq 268;
2440 1-grid-position 0.149322;
2440 2-grid-position 0.149322;
2460 1-grid-position 0.15074;
2460 2-grid-position 0.15074;
2468.18 ppq 269;
2480 1-grid-position 0.152057;
2480 2-grid-position 0.152057;
2500 mlr-save-status label Stop\ all\ players\ before\ saving;
2500 1-grid-position 0.153475;
2500 2-grid-position 0.153475;
2502.27 ppq 270;
2520 1-grid-position 0.154893;
2520 2-grid-position 0.154893;
2536.36 ppq 271;
2540 1-grid-position 0.156311;
2540 2-grid-position 0.156311;
2560 1-grid-position 0.157729;
2560 2-grid-position 0.157729;
2570.45 ppq 272;
2580 1-grid-position 0.159046;
2580 2-grid-position 0.159046;
2600 1-grid-position 0.160464;
2600 2-grid-position 0.160464;
2604.55 ppq 273;
2620 1-grid-position 0.161882;
2620 2-grid-position 0.161882;
2638.64 ppq 274;
2640 1-grid-position 0.1633;
2640 2-grid-position 0.1633;
2660 1-grid-position 0.164616;
2660 2-grid-position 0.164616;
2672.73 ppq 275;
2680 1-grid-position 0.166034;
2680 2-grid-position 0.166034;
2700 1-grid-position 0.167452;
2700 2-grid-position 0.167452;
2706.82 ppq 276;
2720 1-grid-position 0.16887;
2720 2-grid-position 0.16887;
2740 1-grid-position 0.170288;
2740 2-grid-position 0.170288;
2740.91 ppq 277;
2760 1-grid-position 0.171605;
2760 2-grid-position 0.171605;
2775 ppq 278;
2780 1-grid-position 0.173023;
2780 2-grid-position 0.173023;
2800 1-grid-position 0.174441;
2800 2-grid-position 0.174441;
2809.09 ppq 279;
2820 1-grid-position 0.175859;
2820 2-grid-position 0.175859;
2840 1-grid-position 0.177176;
2840 2-grid-position 0.177176;
2843.18 ppq 280;
2860 1-grid-position 0.178594;
2860 2-grid-position 0.178594;
2877.27 ppq 281;
2880 1-grid-position 0.180012;
2880 2-grid-position 0.180012;
2900 1-grid-position 0.18143;
2900 2-grid-position 0.18143;
2911.36 ppq 282;
2920 1-grid-position 0.182848;
2920 2-grid-position 0.182848;
2940 1-grid-position 0.184164;
2940 2-grid-position 0.184164;
2945.45 ppq 283;
2960 1-grid-position 0.185582;
2960 2-grid-position 0.185582;
2979.55 ppq 284;
2980 1-grid-position 0.187;
2980 2-grid-position 0.187;
3000 1-grid-position 0.188418;
3000 2-grid-position 0.188418;
3013.64 ppq 285;
3020 1-grid-position 0.189735;
3020 2-grid-position 0.189735;
3040 1-grid-position 0.191153;
3040 2-grid-position 0.191153;
3047.73 ppq 286;
3060 1-grid-position 0.192571;
3060 2-grid-position 0.192571;
3080 1-grid-position 0.193989;
3080 2-grid-position 0.193989;
3081.82 ppq 287;
3100 1-grid-position 0.195407;
3100 2-grid-position 0.195407;
3115.91 ppq 288;
3120 1-grid-position 0.196724;
3120 2-grid-position 0.196724;
3140 1-grid-position 0.198142;
3140 2-grid-position 0.198142;
3150 ppq 289;
3160 1-grid-position 0.19956;
3160 2-grid-position 0.19956;
3180 1-grid-position 0.200978;
3180 2-grid-position 0.200978;
3184.09 ppq 290;
3200 1-grid-position 0.202396;
3200 2-grid-position 0.202396;
3218.18 ppq 291;
3220 1-grid-position 0.203712;
3220 2-grid-position 0.203712;
3240 1-grid-position 0.20513;
3240 2-grid-position 0.20513;
3252.27 ppq 292;
3260 1-grid-position 0.206548;
3260 2-grid-position 0.206548;
3280 1-grid-position 0.207966;
3280 2-grid-position 0.207966;
3286.36 ppq 293;
3300 1-grid-position 0.209283;
3300 2-grid-position 0.209283;
3303 l_b_buffer_states 3 44.1 0 57280 3580 1;
3303 live_buffer_3-view-info info live 3 1 44100 0 57280 Live\ 3 Recording;
3303 live_buffer_3-view-info info live 3 1 44100 0 57280 Live\ 3 Unsaved;
3303 l_b_buffer_states 3 44.1 0 57280 3580 1;
3303 live_buffer_3-view-info info live 3 1 44100 0 57280 Live\ 3 Unsaved;
3320 1-grid-position 0.210701;
3320 2-grid-position 0.210701;
3320.45 ppq 294;
3340 1-grid-position 0.212119;
3340 2-grid-position 0.212119;
3354.55 ppq 295;
3360 1-grid-position 0.213537;
3360 2-grid-position 0.213537;
3380 1-grid-position 0.214955;
3380 2-grid-position 0.214955;
3388.64 ppq 296;
3400 1-grid-position 0.216272;
3400 2-grid-position 0.216272;
3420 1-grid-position 0.21769;
3420 2-grid-position 0.21769;
3422.73 ppq 297;
3440 1-grid-position 0.219108;
3440 2-grid-position 0.219108;
3456.82 ppq 298;
3460 1-grid-position 0.220526;
3460 2-grid-position 0.220526;
3480 1-grid-position 0.221842;
3480 2-grid-position 0.221842;
3490.91 ppq 299;
3500 1-ui-transport label Switching\ buffer;
3500 1-grid-paused 1;
3500 1-ui-transport label Switching\ buffer;
3500 1-grid-position 0.22326;
3500 2-grid-position 0.22326;
3520 1-grid-paused 0;
3520 1-ui-transport label Switching\ buffer;
3520 1-grid-playing 0;
3520 1-ui-transport label Switching\ buffer;
3520 1-grid-position 0;
3520 1-ui-transport label Switching\ buffer;
3520 1-ui-slot set 2;
3520 s_b_buffer_states 2 1 48 300 0 4800;
3520 sample_buffer_2-view-info info sample 2 1 48000 0 4800 short\ stereo.wav Loaded;
3520 1-ui-transport label Switching\ buffer;
3520 1-ui-transport label Stopped;
3520 1-grid-playing 1;
3520 1-ui-transport label Playing;
3520 1-grid-position 29.5771;
3520 1-grid-paused 0;
3520 1-ui-transport label Playing;
3520 2-grid-position 0.224678;
3525 ppq 300;
3540 1-grid-position 0.195918;
3540 2-grid-position 0.226096;
3559.09 ppq 301;
3560 1-grid-position 0.399092;
3560 2-grid-position 0.227514;
3580 1-grid-position 0.587754;
3580 2-grid-position 0.228831;
3593.18 ppq 302;
3600 1-grid-position 0.790929;
3600 2-grid-position 0.230249;
3620 1-grid-position 0.994104;
3620 2-grid-position 0.231667;
3627.27 ppq 303;
3640 1-grid-position 0.197278;
3640 2-grid-position 0.233085;
3660 1-grid-position 0.38594;
3660 2-grid-position 0.234402;
3661.36 ppq 304;
3680 1-grid-position 0.589115;
3680 2-grid-position 0.23582;
3695.45 ppq 305;
3700 1-grid-position 0.79229;
3700 2-grid-position 0.237238;
3720 1-grid-position 0.995464;
3720 2-grid-position 0.238656;
3729.55 ppq 306;
3740 1-grid-position 0.198639;
3740 2-grid-position 0.240074;
3760 1-grid-position 0.387301;
3760 2-grid-position 0.24139;
3763.64 ppq 307;
3780 1-grid-position 0.590475;
3780 2-grid-position 0.242808;
3797.73 ppq 308;
3800 1-grid-position 0.79365;
3800 2-grid-position 0.244226;
3820 1-grid-position 0.996825;
3820 2-grid-position 0.245644;
3831.82 ppq 309;
3840 1-grid-position 0.199999;
3840 2-grid-position 0.247062;
3860 1-grid-position 0.388661;
3860 2-grid-position 0.248379;
3865.91 ppq 310;
3880 1-grid-position 0.591836;
3880 2-grid-position 0.249797;
3900 ppq 311;
3900 1-grid-position 0.795011;
3900 2-grid-position 0.251215;
3920 1-grid-position 0.998185;
3920 2-grid-position 0.252633;
3934.09 ppq 312;
3940 1-grid-position 0.186847;
3940 2-grid-position 0.25395;
3960 1-grid-position 0.390022;
3960 2-grid-position 0.255368;
3968.18 ppq 313;
3980 1-grid-position 0.593197;
3980 2-grid-position 0.256786;
4000 1-grid-position 0.796371;
4000 2-grid-position 0.258204;
4002.27 ppq 314;
4020 1-grid-position 0.600454;
4020 2-grid-position 0.259622;
4036.36 ppq 315;
4040 1-grid-position 0.411792;
4040 2-grid-position 0.260938;
4060 1-grid-position 0.208618;
4060 2-grid-position 0.262356;
4070.45 ppq 316;
4080 1-grid-position 0.00544291;
4080 2-grid-position 0.263774;
4100 1-grid-position 0.802268;
4100 2-grid-position 0.265192;
4104.55 ppq 317;
4120 1-grid-position 0.613606;
4120 2-grid-position 0.266509;
4138.64 ppq 318;
4140 1-grid-position 0.410432;
4140 2-grid-position 0.267927;
4160 1-grid-position 0.207257;
4160 2-grid-position 0.269345;
4172.73 ppq 319;
4180 1-grid-position 0.00408238;
4180 2-grid-position 0.270763;
4200 1-grid-position 0.800908;
4200 2-grid-position 0.272181;
4206.82 ppq 320;
4220 1-grid-position 0.622246;
4220 2-grid-position 0.273498;
4240 1-grid-position 0.419071;
4240 2-grid-position 0.274916;
4240.91 ppq 321;
4260 1-grid-position 0.215896;
4260 2-grid-position 0.276334;
4275 ppq 322;
4280 1-grid-position 0.612722;
4280 2-grid-position 0.277752;
4300 1-grid-position 0.42406;
4300 2-grid-position 0.279068;
4309.09 ppq 323;
4320 1-grid-position 0.220885;
4320 2-grid-position 0.280486;
4340 1-grid-position 0.617711;
4340 2-grid-position 0.281904;
4343.18 ppq 324;
4360 1-grid-position 0.414536;
4360 2-grid-position 0.283322;
4377.27 ppq 325;
4380 1-grid-position 0.211361;
4380 2-grid-position 0.28474;
4400 1-grid-position 0.622699;
4400 2-grid-position 0.286057;
4411.36 ppq 326;
4420 1-grid-position 0.419525;
4420 2-grid-position 0.287475;
4440 1-grid-position 0.21635;
4440 2-grid-position 0.288893;
4445.45 ppq 327;
4460 1-grid-position 0.613175;
4460 2-grid-position 0.290311;
4479.55 ppq 328;
4480 1-grid-position 0.410001;
4480 2-grid-position 0.291729;
4500 waveform-peaks-reply info sample 2 1 48000 0 4800 short\ stereo.wav Loaded;
4500 waveform-peaks-reply peaks sample_buffer_2 0 4800 0 0.0917358 0 0.0865784 0.0993652 0.899963 0.0815125 0.099884 0.172455 0.199707 -0.799988 0.0756226 0.178711 0.199982 -0.0971375 -0.0280457 0.110474 0.174652 -0.099884 -0.0619812 0.0130615 0.103149 -0.0542297 0.0455933 -0.0878296 0.00439453 0.053833 0.099884 -0.165497 -0.09552 0.0374756 0.0990295 -0.199402 -0.170197 -0.0687256 0.0285034 -0.199982 -0.180634 -0.0999146 -0.0753174 -0.176758 -0.114105 -0.0911255 -0.00997925 -0.106903 -0.0174255 -0.000457764 0.0863342 -0.00878906 0.0838623 0.0817871 0.0999146 0.0916443 0.162964 -0.0183411 0.0759277 0.167847 0.199036 -0.0970154 -0.0275879 0.182465 0.199982 -0.0999146 -0.0623474 0.117706 0.178772 -0.0546265 0.045166 0.0218201 0.110596 0.0534363 0.0999146 -0.079834 0.0131836 0.0379028 0.0990906 -0.1604 -0.0877075 -0.0683899 0.0289612 -0.198547 -0.165405 -0.0999146 -0.0750122 -0.199982 -0.184235 -0.0913391 -0.010437 -0.180695 -0.121216 -0.000946045 0.0860901 -0.114227 -0.0261841 0.0820312 0.0999146 -0.0175781 0.0757751 -0.0178833 0.0762329 0.0837402 0.157715 -0.0969238 -0.0271301 0.162903 0.197968 -0.0999451 -0.0627136 0.185913 0.199982 -0.0550232 0.0447693 0.124695 0.182526 0.0530396 0.0999451 0.0305481 0.117798 0.0383606 0.0991516 -0.0716858 0.0219421 -0.0680542 0.0293884 -0.154968 -0.0797119 -0.0999451 -0.074707 -0.197296 -0.160309 -0.0915222 -0.0108948 -0.199982 -0.187469 -0.00140381 0.0858765 -0.184296 -0.128113 0.0823059 0.0999451 -0.121338 -0.0348816 -0.0174255 0.0765381 -0.0263062 0.0675659 -0.0968018 -0.0267029 0.0756531 0.152161 -0.0999451 -0.0630798 0.157654 0.196533 -0.0554199 0.044342 0.188965 0.199982 0.0526428 0.0999451 0.131439 0.185944 0.0387878 0.0992126 0.0391846 0.124786 -0.067688 0.0298462 -0.0634155 0.0306702 -0.0999451 -0.0743713 -0.149261 -0.0715637 -0.0917053 -0.0113831 -0.195679 -0.154907 -0.00189209 0.0856323 -0.199982 -0.190369 0.0825806 0.0999451 -0.187531 -0.134735 -0.0169373 0.0768433 -0.128204 -0.0434875 -0.0966797 -0.0262451 -0.0350037 0.0592346 -0.0999756 -0.063446 0.0674438 0.146301 -0.0558167 0.0439148 0.152069 0.194702 0.0522461 0.0999756 0.19165 0.199982 0.0392151 0.0992737 0.137939 0.188995 -0.0673523 0.030304 0.0477905 0.131561 -0.0999756 -0.0740662 -0.0550232 0.0393372 -0.0918884 -0.0118408 -0.14328 -0.0632935 -0.00234985 0.0853882 -0.193665 -0.14917 0.0828552 0.0999756 -0.199982 -0.192871 -0.0164795 0.0771484 -0.190399 -0.141113 -0.0965576 -0.0257874 -0.134827 -0.0520325 -0.0999756 -0.0638123 -0.0436401 0.0507812 -0.0562134 0.0434875 0.0591125 0.140167 0.0518494 0.0999756 0.14621 0.192535 0.0396423 0.0993347 0.194 0.199982 -0.0669861 0.0307617 0.144196 0.191711 -0.0999756 -0.073761 0.0562744 0.138031 -0.0920715 -0.0122986 -0.0465088 0.0479126 -0.00283813 0.085144 -0.136993 -0.0549011 0.0830994 0.0999756 -0.191284 -0.143188 -0.0160217 0.0774536 -0.199982 -0.193634 -0.0964355 -0.0253296 -0.192902 -0.147186 -0.0999756 -0.0641785 -0.141205 -0.0604858 -0.0566101 0.0430603 -0.0521545 0.0422058 0.0514526 0.0999756 0.0506592 0.133759 0.0401001 0.0993652 0.140076 0.189941 -0.0666504 0.031189 0.192474 0.199982 -0.0999756 -0.0734253 0.150146 0.194031 -0.0922546 -0.0127869 0.0646667 0.144287 -0.0032959 0.0848694 -0.0379028 0.0563965 0.083374 0.0999756 -0.130463 -0.0463867 -0.015564 0.0777588 -0.188538 -0.136902 -0.0963135 -0.0248718 -0.199982 -0.191254 -0.0999756 -0.0645447 -0.195038 -0.153015 -0.0569763 0.0426331 -0.147278 -0.0688171 0.0510254 0.0999756 -0.0606079 0.0335999 0.0405273 0.0994263 0.0420837 0.127106 -0.0662842 0.0316467 0.133667 0.187012 -0.100006 -0.0731201 0.189911 0.199982 -0.0924377 -0.0132446 0.155792 0.195953 -0.00375366 0.0846252 0.0729065 0.150238 0.0836182 0.100006 -0.0292358 0.0647888 -0.0150757 0.0780334 -0.123657 -0.0377808 -0.0961609 -0.0244141 -0.185425 -0.130371 -0.100006 -0.0648804 -0.199982 -0.188477 -0.057373 0.0422058 -0.196808 -0.158508 0.0506287 0.100006 -0.153107 -0.0769958 0.0409546 0.0994873 -0.0689392 0.0248718 -0.0659485 0.0321045 0.0334473 0.120178 -0.100006 -0.0727844 0.126984 0.183716 -0.0926208 -0.0137024 0.186981 0.199982 -0.00424194 0.0843811 0.161163 0.19754 0.0838928 0.100006 0.0810242 0.155884 -0.0146179 0.0783386 -0.0205078 0.0730286 -0.0960388 -0.0239563 -0.116638 -0.0291138 -0.100006 -0.0652466 -0.181946 -0.123566 -0.0577698 0.0417786 -0.199982 -0.185364 0.0502319 0.100006 -0.198181 -0.163727 0.0413818 0.0995178 -0.1586 -0.085022 -0.0655823 0.0325317 -0.0771179 0.0161438 -0.100006 -0.0724487 0.0247498 0.113037 -0.092804 -0.0141907 0.120087 0.180084 -0.00469971 0.084137 0.183655 0.199951 0.084137 0.100006 0.166229 0.19873 -0.0141602 0.0786133 0.0889893 0.161255 -0.0959167 -0.0234985 -0.0117493 0.0811462 -0.100006 -0.0656128 -0.109375 -0.0203857 -0.058136 0.0413513 -0.178101 -0.116547 0.0498047 0.100006 -0.199982 -0.181885 0.0418091 0.0995789 -0.199158 -0.16861 -0.0652161 0.0329895 -0.163818 -0.092926 -0.100006 -0.0721436 -0.085144 0.00735474 -0.0929871 -0.0146484 0.0159912 0.105682 -0.00518799 0.0838623 0.112946 0.176056 0.0843811 0.100006 0.180023 0.199951 -0.0137024 0.0789185 0.170959 0.199524 -0.0957642 -0.0230408 0.0967712 0.16629 -0.100006 -0.0659485 -0.00296021 0.0891113 -0.0585327 0.0409241 -0.101929 -0.0116272 0.049408 0.100006 -0.17395 -0.109283 0.0422363 0.0996094 -0.199982 -0.17804 -0.0648804 0.0334167 -0.199768 -0.173187 -0.100006 -0.0718079 -0.168701 -0.100616 -0.0931396 -0.0151062 -0.0930176 -0.00143433 -0.00564575 0.0836182 0.00723267 0.098114 0.0846558 0.100006 0.10556 0.171722 -0.0132141 0.0791931 0.175995 0.199951 -0.0956421 -0.022583 0.175354 0.199921 -0.100006 -0.0663147 0.10437 0.171021 -0.0588989 0.0404968 0.00582886 0.0968933 0.0490112 0.0999756 -0.0942383 -0.00283813 0.0426636 0.0996399 -0.169434 -0.101807 -0.0645142 0.0338745 -0.199829 -0.173889 -0.0999756 -0.0714722 -0.199982 -0.177429 -0.0933228 -0.015564 -0.173248 -0.108124 -0.00613403 0.0833435 -0.100708 -0.0102234 0.0848999 0.0999756 -0.0015564 0.0903625 -0.0127563 0.0794983 0.0979919 0.167053 -0.0954895 -0.0221252 0.171661 0.199615 -0.0999756 -0.0666809 0.179413 0.199951 -0.0592957 0.0400696 0.111786 0.175415 0.048584 0.0999756 0.0146179 0.104492 0.0430908 0.0997009 -0.0863953 0.00598145 -0.0641479 0.0343018 -0.164612 -0.0941467 -0.0999756 -0.0711365 -0.19928 -0.169373 -0.0934753 -0.0160522 -0.199982 -0.181305 -0.0065918 0.0830994 -0.17749 -0.115417 0.085144 0.0999756 -0.108215 -0.0190125 -0.0122986 0.0797729 -0.010376 0.082428 -0.0953674 -0.0216675 0.0902405 0.162048 -0.0999756 -0.0670166 0.166992 0.198883 -0.0596619 0.0396423 0.183105 0.199951 0.0481873 0.0999756 0.118958 0.179474 0.0435181 0.0997314 0.0233765 0.111908 -0.0637817 0.0347595 -0.0783997 0.01474 -0.0999756 -0.0708313 -0.159454 -0.0863037 -0.0936584 -0.01651 -0.198364 -0.16452 -0.00704956 0.0828247 -0.199982 -0.184845 0.0853882 0.0999756 -0.181366 -0.122467 -0.0118103 0.0800476 -0.115509 -0.0277405 -0.0952148 -0.0212097 -0.0191345 0.0743408 -0.0999756 -0.0673523 0.0823059 0.899963 -0.0600281 0.0391846 0.161987 0.197754 0.04776 0.0999756 0.186462 0.199951 0.0439453 0.099762 0.125916 0.183167 -0.0634155 0.0351868 0.032074 0.11908 -0.0999451 -0.0704956 -0.0702209 0.0234985 -0.093811 -0.0169678 -0.153992 -0.0782776 -0.00753784 0.0825806 -0.197052 -0.159363 0.0856323 0.0999451 -0.199982 -0.188019 -0.0113525 0.0803528 -0.184875 -0.129303 -0.0950623 -0.020752 -0.122589 -0.0364075 -0.0999451 -0.0677185 -0.0278625 0.0661011 -0.0604248 0.0387573 0.0742188 0.151123 0.0473328 0.0999451 0.156677 0.196228 0.044342 0.0997925 0.189484 0.199951 -0.0630493 0.0356445 0.132629 0.186523 -0.0999451 -0.0701599 0.040741 0.126038 -0.0939636 -0.0174255 -0.0619202 0.0322266 -0.00799561 0.0823059 -0.148224 -0.0700989 0.0858765 0.0999451 -0.195343 -0.1539 -0.0108948 0.0806274 -0.199982 -0.190826 -0.0949402 -0.0202637 -0.188049 -0.135895 -0.0999451 -0.0680542 -0.129395 -0.0450439 -0.060791 0.0383301 -0.0365601 0.0577393 0.046936 0.0999451 0.065979 0.145233 0.0447693 0.099823 0.151062 0.194366 -0.0626831 0.0360718 0.192108 0.199951 -0.0999146 -0.0698242 0.139099 0.189514 -0.0941467 -0.0179138 0.0493164 0.132721 -0.00848389 0.0820312 -0.0534973 0.040863 0.0861206 0.0999146 -0.142181 -0.0617981 -0.0104065 0.0809021 -0.193268 -0.148132 -0.0947876 -0.0198059 -0.199982 -0.193268 -0.0999146 -0.0683899 -0.190887 -0.142212 -0.0611572 0.0379028 -0.135986 -0.0535583 0.0465088 0.0999146 -0.045166 0.0492554 0.0451965 0.0998535 0.0576172 0.139038 -0.0623169 0.0365295 0.145142 0.192078 -0.0999146 -0.0694885 0.194305 0.199951 -0.0942993 -0.0183716 0.145264 0.192139 -0.00894165 0.0817566 0.0577698 0.139191 0.0863647 0.0999146 -0.0449829 0.0494385 -0.00994873 0.0811768 -0.135864 -0.0533752 -0.094635 -0.0193481 -0.190826 -0.14209 -0.0999146 -0.0687561 -0.199982 -0.193237 -0.0615234 0.0374451 -0.193329 -0.148254 0.0460815 0.099884 -0.142303 -0.0619812 0.0456238 0.099884 -0.0536804 0.0406799 -0.0619507 0.0369568 0.0491333 0.132599 -0.099884 -0.0691223 0.138947 0.189453 -0.0944519 -0.0188293 0.192047 0.199951 -0.00939941 0.0814819 0.151184 0.194397 0.0865784 0.099884 0.0661316 0.145355 -0.00946045 0.0814514 -0.036377 0.0578918 -0.0944824 -0.0188904 -0.129272 -0.0448608 -0.099884 -0.0690918 -0.187988 -0.135742 -0.0619202 0.0370178 -0.199982 -0.190765 0.0456848 0.099884 -0.195374 -0.154022 0.046051 0.099884 -0.148346 -0.070282 -0.0615845 0.037384 -0.0621033 0.0320435 -0.099884 -0.0687866 0.0405579 0.125885 -0.0946045 -0.0192871 0.132507 0.186462 -0.0098877 0.0812073 0.189423 0.199951 0.0863953 0.0999146 0.156769 0.196259 -0.00900269 0.0817261 0.0743713 0.151245 -0.0943298 -0.0184326 -0.0276794 0.0662537 -0.0999146 -0.0694275 -0.122437 -0.0362549 -0.0622864 0.0365906 -0.184814 -0.129181 0.0452576 0.0998535 -0.199982 -0.187958 0.0464478 0.0999146 -0.197083 -0.159485 -0.0612183 0.0378418 -0.154083 -0.0784302 -0.0999146 -0.0684509 -0.0704041 0.0233154 -0.0947571 -0.0197449 0.0319214 0.118927 -0.0103455 0.0809326 0.125793 0.183105 0.0861511 0.0999146 0.186401 0.199951 -0.00854492 0.0820007 0.162079 0.197784 -0.0941467 -0.0179749 0.0824585 0.15686 -0.0999146 -0.0697632 -0.0189514 0.0744934 -0.0626526 0.0361328 -0.115356 -0.0275574 0.0448303 0.099823 -0.181274 -0.122314 0.046875 0.0999451 -0.199982 -0.184784 -0.0608521 0.038269 -0.198364 -0.164642 -0.0999451 -0.0681152 -0.159546 -0.0864563 -0.0949097 -0.0202026 -0.0785522 0.0145569 -0.0108032 0.080658 0.0231934 0.111755 0.085907 0.0999451 0.118835 0.179382 -0.00805664 0.0822754 0.183044 0.199951 -0.0939941 -0.0174866 0.167084 0.198883 -0.0999451 -0.0700989 0.0903931 0.16217 -0.0630188 0.0357056 -0.0101929 0.0825806 -0.799988 0.0997925 -0.108063 -0.0188293 0.0473022 0.0999451 -0.177399 -0.115265 -0.0604553 0.0386963 -0.199982 -0.181213 -0.0999451 -0.067749 -0.19931 -0.169464 -0.0950623 -0.0206604 -0.164703 -0.0942993 -0.0112915 0.0803833 -0.0865784 0.00579834 0.0856628 0.0999451 0.0144348 0.10434 -0.00759888 0.0825195 0.111633 0.175323 -0.0938416 -0.0170288 0.179321 0.199951 -0.0999451 -0.0704346 0.171753 0.199615 -0.063385 0.0352478 0.0981445 0.167145 0.0440063 0.099762 -0.00137329 0.0905151 0.047699 0.0999756 -0.100555 -0.0100403 -0.0600891 0.0391235 -0.173157 -0.107971 -0.0999756 -0.0674133 -0.199982 -0.177338 -0.0951843 -0.0211487 -0.199829 -0.173981 -0.0117493 0.0801086 -0.169525 -0.101959 0.0854187 0.0999756 -0.0944214 -0.00302124 -0.00714111 0.0827942 0.00564575 0.0967407 -0.093689 -0.016571 0.104218 0.170929 -0.0999756 -0.0707703 0.175262 0.199921 -0.0637512 0.0348206 0.176086 0.199951 0.0435791 0.0997314 0.105713 0.171814 0.0481262 0.0999756 0.00741577 0.0982666 -0.0597229 0.0395813 -0.092865 -0.00125122 -0.0999756 -0.0670776 -0.168579 -0.100464 -0.0953369 -0.0216064 -0.199768 -0.173096 -0.012207 0.0798035 -0.199982 -0.178131 0.0851746 0.0999756 -0.174042 -0.109436 -0.00665283 0.0830688 -0.102081 -0.0118103 -0.0935059 -0.0161133 -0.00314331 0.0889587 -0.0999756 -0.071106 0.0966187 0.166199 -0.0641174 0.0343628 0.170837 0.199493 0.0431519 0.0997009 0.180084 0.199951 0.0485229 0.0999756 0.113098 0.176147 -0.0593262 0.0400085 0.0161743 0.105835 -0.0999756 -0.0667114 -0.0849915 0.00753784 -0.0954895 -0.0220642 -0.163696 -0.0927429 -0.0126953 0.0795288 -0.199158 -0.168518 0.0849304 0.0999756 -0.199982 -0.181976 -0.00619507 0.083313 -0.178192 -0.116669 -0.0933533 -0.0156555 -0.109528 -0.0205688 -0.0999756 -0.0714417 -0.0119324 0.0809937 -0.0644531 0.0339355 0.0888367 0.161133 0.0427246 0.0996704 0.166107 0.1987 0.0489502 0.0999756 0.183746 0.199982 -0.05896 0.0404358 0.120239 0.180145 -0.0999756 -0.0663757 0.0249329 0.11319 -0.0956116 -0.022522 -0.0769348 0.0163269 -0.0131531 0.0792542 -0.158478 -0.0848694 0.0846863 0.100006 -0.198151 -0.163635 -0.00570679 0.0835876 -0.199982 -0.185425 -0.0931702 -0.0151672 -0.182007 -0.123718 -0.100006 -0.0717773 -0.116791 -0.0292969 -0.0648193 0.0334778 -0.0206909 0.072876 0.0422974 0.0996094 0.0808716 0.155762 0.0493469 0.100006 0.161072 0.19751 -0.0585632 0.040863 0.187042 0.199982 -0.100006 -0.0660095 0.127136 0.183807 -0.0957642 -0.0229797 0.0336304 0.120331 -0.0136108 0.078949 -0.0687561 0.0250549 0.0844421 0.100006 -0.152985 -0.0768127 -0.00524902 0.0838318 -0.196777 -0.158417 -0.0929871 -0.0147095 -0.199982 -0.188538 -0.100006 -0.0720825 -0.185486 -0.130493 -0.0651855 0.0330505 -0.12381 -0.0379639 0.0418701 0.0995789 -0.0294189 0.0646057 0.0497742 0.100006 0.0727539 0.150116 -0.058197 0.0412903 0.155701 0.195923 -0.100006 -0.0656433 0.189972 0.199982 -0.0958862 -0.0234375 0.133789 0.187073 -0.0140991 0.0786743 0.0422668 0.127228 0.0841675 0.100006 -0.0604248 0.0337524 -0.00476074 0.0841064 -0.147156 -0.068634 -0.0928345 -0.0142517 -0.195007 -0.152893 -0.100006 -0.0724182 -0.199982 -0.191284 -0.0655518 0.0325928 -0.188599 -0.137024 0.0414429 0.0995178 -0.130615 -0.0465698 0.0501709 0.100006 -0.0380859 0.0562134 -0.0578003 0.0417175 0.0644836 0.144135 -0.100006 -0.0653076 0.150024 0.19397 -0.0960388 -0.0238953 0.192535 0.199982 -0.0145569 0.0783691 0.140198 0.190002 0.0839233 0.100006 0.0508118 0.133911 -0.00430298 0.0843506 -0.052002 0.0423889 -0.0926514 -0.0137634 -0.141052 -0.0603027 -0.100006 -0.0727539 -0.192871 -0.147064 -0.0658875 0.0321655 -0.199982 -0.193665 0.0410156 0.0994873 -0.191345 -0.143311 0.0505676 0.100006 -0.137146 -0.0550537 -0.0574341 0.0421448 -0.0466919 0.0477295 -0.100006 -0.0649414 0.0560913 0.137909 -0.0961609 -0.024353 0.144043 0.19165 -0.0150146 0.0780945 0.193939 0.199982 0.0836792 0.100006 0.146332 0.192566 -0.00384521 0.0845947 0.0592957 0.140289 -0.0924683 -0.0133057 -0.043457 0.0509644 -0.100006 -0.0730591 -0.134705 -0.0518494 -0.0662537 0.0317078 -0.190338 -0.140961 0.0405884 0.0994263 -0.199982 -0.19281 0.0509949 0.100006 -0.193726 -0.149292 -0.0570374 0.042572 -0.143402 -0.0634766 -0.0999756 -0.0645752 -0.0552063 0.0391541 -0.096283 -0.0248108 0.0476074 0.131409 -0.0155029 0.0777893 0.137817 0.188934 0.0834045 0.0999756 0.19162 0.199982 -0.00335693 0.0848389 0.152191 0.194763 -0.0922852 -0.0128479 0.067627 0.146423 -0.0999756 -0.0733948 -0.0348206 0.0594177 -0.0665894 0.03125 -0.128052 -0.043335 0.0401306 0.0993958 -0.187469 -0.134613 0.0513916 0.0999756 -0.199982 -0.190308 -0.0566406 0.0429993 -0.195709 -0.154999 -0.0999756 -0.064209 -0.149384 -0.0717468 -0.096405 -0.0252686 -0.0635986 0.0304871 -0.0159607 0.0774841 0.039032 0.124664 0.0831299 0.0999756 0.131317 0.185883 -0.00289917 0.085083 0.188904 0.199982 -0.0921021 -0.0123901 0.157745 0.196564 -0.0999756 -0.0737 0.0758362 0.152283 -0.0669556 0.0308228 -0.026123 0.067749 0.0397034 0.0993347 -0.121185 -0.0346985 0.0517883 0.0999756 -0.184204 -0.12796 -0.0562744 0.0434265 -0.199982 -0.187408 -0.0999756 -0.0638733 -0.197327 -0.160431 -0.0965271 -0.0257263 -0.15509 -0.079895 -0.0164185 0.077179 -0.0718689 0.021759 0.0828857 0.0999756 0.030365 0.117645 -0.00241089 0.0853577 0.124542 0.182465 -0.0919189 -0.0119019 0.185822 0.199982 -0.0999756 -0.0740356 0.162994 0.197998 -0.0672913 0.030365 0.0838928 0.157837 0.0392761 0.0992737 -0.017395 0.0759583 0.0521851 0.0999756 -0.114075 -0.026001 -0.0558777 0.0438538 -0.180603 -0.121094 -0.0999756 -0.0635071 -0.199982 -0.184174 -0.0966492 -0.0261841 -0.198578 -0.165527 -0.0168762 0.0769043 -0.160492 -0.0878601 0.0826111 0.0999451 -0.0800171 0.0130005 -0.00195312 0.0856018 0.021637 0.899963 -0.799988 -0.0114441;
4500 1-grid-position 0.221339;
4500 2-grid-position 0.293046;
4513.64 ppq 329;
4520 1-grid-position 0.618164;
4520 2-grid-position 0.294464;
4540 1-grid-position 0.41499;
4540 2-grid-position 0.295882;
4547.73 ppq 330;
4560 1-grid-position 0.211815;
4560 2-grid-position 0.2973;
4580 1-grid-position 0.623153;
4580 2-grid-position 0.298616;
4581.82 ppq 331;
4600 1-grid-position 0.419978;
4600 2-grid-position 0.300034;
4615.91 ppq 332;
4620 1-grid-position 0.216804;
4620 2-grid-position 0.301452;
4640 1-grid-position 0.613629;
4640 2-grid-position 0.30287;
4650 ppq 333;
4660 1-grid-position 0.410454;
4660 2-grid-position 0.304288;
4680 1-grid-position 0.221792;
4680 2-grid-position 0.305605;
4684.09 ppq 334;
4700 1-ui-transport label Switching\ buffer;
4700 1-grid-paused 1;
4700 1-ui-transport label Switching\ buffer;
4700 1-grid-position 0.618618;
4700 2-grid-position 0.307023;
4718.18 ppq 335;
4720 1-grid-paused 0;
4720 1-ui-transport label Switching\ buffer;
4720 1-grid-playing 0;
4720 1-ui-transport label Switching\ buffer;
4720 1-grid-position 0;
4720 1-ui-transport label Switching\ buffer;
4720 1-ui-slot set 1;
4720 s_b_buffer_states 1 1 44.1 39492.6 0 631881;
4720 2-ui-transport label Playing;
4720 1-ui-transport label Switching\ buffer;
4720 sample_buffer_1-view-info info sample 1 1 44100 0 631881 input.wav Loaded;
4720 1-ui-transport label Stopped;
4720 1-grid-playing 1;
4720 1-ui-transport label Playing;
4720 1-grid-position 0.00315586;
4720 1-grid-paused 0;
4720 1-ui-transport label Playing;
4720 2-grid-position 0.308441;
4740 1-grid-position 0.99862;
4740 2-grid-position 0.309859;
4752.27 ppq 336;
4760 1-grid-position 0.997303;
4760 2-grid-position 0.311176;
4780 1-grid-position 0.995885;
4780 2-grid-position 0.312594;
4786.36 ppq 337;
4800 1-grid-position 0.994467;
4800 2-grid-position 0.314012;
4820 1-grid-position 0.993049;
4820 2-grid-position 0.31543;
4820.45 ppq 338;
4840 1-grid-position 0.991631;
4840 2-grid-position 0.316848;
4854.55 ppq 339;
4860 1-grid-position 0.990315;
4860 2-grid-position 0.318164;
4880 1-grid-position 0.988897;
4880 2-grid-position 0.319582;
4888.64 ppq 340;
4900 1-grid-position 0.987479;
4900 2-grid-position 0.321;
4920 1-grid-position 0.988814;
4920 2-grid-position 0.322418;
4922.73 ppq 341;
4940 1-grid-position 0.990131;
4940 2-grid-position 0.323735;
4956.82 ppq 342;
4960 1-grid-position 0.991549;
4960 2-grid-position 0.325153;
4980 1-grid-position 0.992967;
4980 2-grid-position 0.326571;
4990.91 ppq 343;
5000 1-grid-position 0.994385;
5000 2-grid-position 0.327989;
5010 1-grid-playing 0;
5010 1-ui-transport label Stopped;
5010 1-grid-paused 0;
5010 1-ui-transport label Stopped;
5010 1-grid-position 0;
5019 1-grid-paused 0;
5019 1-ui-transport label Stopped;
5019 1-grid-playing 0;
5019 1-ui-transport label Stopped;
5019 1-grid-position 0;
5020 2-grid-position 0.329407;
5025 ppq 344;
5040 2-grid-position 0.330724;
5050 1-grid-playing 1;
5050 1-ui-transport label Playing;
5050 1-grid-position 0;
5050 1-grid-paused 0;
5050 1-ui-transport label Playing;
5059.09 ppq 345;
5060 2-grid-position 0.332142;
5070 1-grid-position 0.00134044;
5080 2-grid-position 0.33356;
5090 1-grid-position 0.00275842;
5093.18 ppq 346;
5100 2-grid-position 0.334978;
5110 1-grid-position 0.00417641;
5120 2-grid-position 0.336396;
5127.27 ppq 347;
5130 1-grid-position 0.00549312;
5140 2-grid-position 0.337712;
5150 1-grid-position 0.0069111;
5160 2-grid-position 0.33913;
5161.36 ppq 348;
5170 1-grid-position 0.00832909;
5180 2-grid-position 0.340548;
5190 1-grid-position 0.00974708;
5195.45 ppq 349;
5200 2-grid-position 0.341966;
5210 1-grid-position 0.0111651;
5220 2-grid-position 0.343283;
5229.55 ppq 350;
5230 1-grid-position 0.0124818;
5240 2-grid-position 0.344701;
5250 1-grid-position 0.0138998;
5260 2-grid-position 0.346119;
5263.64 ppq 351;
5270 1-grid-position 0.0153178;
5280 2-grid-position 0.347537;
5290 1-grid-position 0.0167357;
5297.73 ppq 352;
5300 2-grid-position 0.348955;
5310 1-grid-position 0.0180524;
5320 2-grid-position 0.350272;
5330 1-grid-position 0.0194704;
5331.82 ppq 353;
5340 2-grid-position 0.35169;
5350 1-grid-position 0.0208884;
5360 2-grid-position 0.353108;
5365.91 ppq 354;
5370 1-grid-position 0.0223064;
5380 2-grid-position 0.354526;
5390 1-grid-position 0.0237244;
5400 ppq 355;
5400 2-grid-position 0.355842;
5410 1-grid-position 0.0250411;
5420 2-grid-position 0.35726;
5430 1-grid-position 0.0264591;
5434.09 ppq 356;
5440 2-grid-position 0.358678;
5450 1-grid-position 0.0278771;
5460 2-grid-position 0.360096;
5468.18 ppq 357;
5470 1-grid-position 0.0292951;
5480 2-grid-position 0.361514;
5490 1-grid-position 0.0306118;
5500 1-open-player-view;
5500 mlr-close-views;
5500 2-grid-position 0.362831;
5502.27 ppq 358;
5510 1-grid-position 0.0320298;
5520 2-grid-position 0.364249;
5530 1-grid-position 0.0334477;
5536.36 ppq 359;
5540 2-grid-position 0.365667;
5550 1-grid-position 0.0348657;
5560 2-grid-position 0.367085;
5570 1-grid-position 0.0362837;
5570.45 ppq 360;
5580 2-grid-position 0.368402;
5590 1-grid-position 0.0376004;
5600 2-grid-position 0.36982;
5604.55 ppq 361;
5610 1-grid-position 0.0390184;
5620 2-grid-position 0.371238;
5630 1-grid-position 0.0404364;
5638.64 ppq 362;
5640 2-grid-position 0.372656;
5650 1-grid-position 0.0418544;
5660 2-grid-position 0.374074;
5670 1-grid-position 0.0431711;
5672.73 ppq 363;
5680 2-grid-position 0.37539;
5690 1-grid-position 0.0445891;
5700 2-grid-position 0.376808;
5706.82 ppq 364;
5710 1-grid-position 0.0460071;
5720 2-grid-position 0.378226;
5730 1-grid-position 0.0474251;
5740 2-grid-position 0.379644;
5740.91 ppq 365;
5750 1-grid-position 0.048843;
5760 2-grid-position 0.381062;
5770 1-grid-position 0.0501598;
5775 ppq 366;
5780 2-grid-position 0.382379;
5790 1-grid-position 0.0515777;
5800 2-grid-position 0.383797;
5809.09 ppq 367;
5810 1-grid-position 0.0529957;
5820 2-grid-position 0.385215;
5830 1-grid-position 0.0544137;
5840 2-grid-position 0.386633;
5843.18 ppq 368;
5850 1-grid-position 0.0558317;
5860 2-grid-position 0.38795;
5870 1-grid-position 0.0571484;
5877.27 ppq 369;
5880 2-grid-position 0.389368;
5890 1-grid-position 0.0585664;
5900 2-grid-position 0.390786;
5910 1-grid-position 0.0599844;
5911.36 ppq 370;
5920 2-grid-position 0.392204;
5930 1-grid-position 0.0614024;
5940 2-grid-position 0.393622;
5945.45 ppq 371;
5950 1-grid-position 0.0627191;
5960 2-grid-position 0.394938;
5970 1-grid-position 0.0641371;
5979.55 ppq 372;
5980 2-grid-position 0.396356;
5990 1-grid-position 0.0655551;
6000 mlr-close-views;
6000 2-grid-position 0.397774;
6010 1-grid-position 0.066973;
6013.64 ppq 373;
6020 2-grid-position 0.399192;
6030 1-grid-position 0.068391;
6040 2-grid-position 0.400509;
6047.73 ppq 374;
6050 1-grid-position 0.0697077;
6060 2-grid-position 0.401927;
6070 1-grid-position 0.0711257;
6080 2-grid-position 0.403345;
6081.82 ppq 375;
6090 1-grid-position 0.0725437;
6100 2-grid-position 0.404763;
6110 1-grid-position 0.0739617;
6115.91 ppq 376;
6120 2-grid-position 0.406181;
6130 1-grid-position 0.0752784;
6140 2-grid-position 0.407498;
6150 ppq 377;
6150 1-grid-position 0.0766964;
6160 2-grid-position 0.408916;
6170 1-grid-position 0.0781144;
6180 2-grid-position 0.410334;
6184.09 ppq 378;
6190 1-grid-position 0.0795324;
6200 2-grid-position 0.411752;
6210 1-grid-position 0.0809504;
6218.18 ppq 379;
6220 2-grid-position 0.413068;
6230 1-grid-position 0.0822671;
6240 2-grid-position 0.414486;
6250 1-grid-position 0.083685;
6252.27 ppq 380;
6260 2-grid-position 0.415904;
6270 1-grid-position 0.085103;
6280 2-grid-position 0.417322;
6286.36 ppq 381;
6290 1-grid-position 0.086521;
6300 2-grid-position 0.41874;
6310 1-grid-position 0.0878377;
6320 2-grid-position 0.420057;
6320.45 ppq 382;
6330 1-grid-position 0.0892557;
6340 2-grid-position 0.421475;
6350 1-grid-position 0.0906737;
6354.55 ppq 383;
6360 2-grid-position 0.422893;
6370 1-grid-position 0.0920917;
6380 2-grid-position 0.424311;
6388.64 ppq 384;
6390 1-grid-position 0.0935097;
6400 2-grid-position 0.425729;
6410 1-grid-position 0.0948264;
6420 2-grid-position 0.427046;
6422.73 ppq 385;
6430 1-grid-position 0.0962444;
6440 2-grid-position 0.428464;
6450 1-grid-position 0.0976624;
6456.82 ppq 386;
6460 2-grid-position 0.429882;
6470 1-grid-position 0.0990804;
6480 2-grid-position 0.4313;
6490 1-grid-position 0.100498;
6490.91 ppq 387;
6500 1-open-player-view;
6500 mlr-close-views;
6500 2-grid-position 0.432616;
6510 1-grid-position 0.101815;
6520 2-grid-position 0.434034;
6525 ppq 388;
6530 1-grid-position 0.103233;
6540 2-grid-position 0.435452;
6550 1-grid-position 0.104651;
6559.09 ppq 389;
6560 2-grid-position 0.43687;
6570 1-grid-position 0.106069;
6580 2-grid-position 0.438288;
6590 1-grid-position 0.107386;
6593.18 ppq 390;
6600 2-grid-position 0.439605;
6610 1-grid-position 0.108804;
6620 2-grid-position 0.441023;
6627.27 ppq 391;
6630 1-grid-position 0.110222;
6640 2-grid-position 0.442441;
6650 1-grid-position 0.11164;
6660 2-grid-position 0.443859;
6661.36 ppq 392;
6670 1-grid-position 0.113058;
6680 2-grid-position 0.445176;
6690 1-grid-position 0.114374;
6695.45 ppq 393;
6700 2-grid-position 0.446594;
6710 1-grid-position 0.115792;
6720 2-grid-position 0.448012;
6729.55 ppq 394;
6730 1-grid-position 0.11721;
6740 2-grid-position 0.44943;
6750 1-grid-position 0.118628;
6760 2-grid-position 0.450848;
6763.64 ppq 395;
6770 1-grid-position 0.119945;
6780 2-grid-position 0.452164;
6790 1-grid-position 0.121363;
6797.73 ppq 396;
6800 2-grid-position 0.453582;
6810 1-grid-position 0.122781;
6820 2-grid-position 0.455;
6830 1-grid-position 0.124199;
6831.82 ppq 397;
6840 2-grid-position 0.456418;
6850 1-grid-position 0.125617;
6860 2-grid-position 0.457735;
6865.91 ppq 398;
6870 1-grid-position 0.126934;
6880 2-grid-position 0.459153;
6890 1-grid-position 0.128352;
6900 ppq 399;
6900 2-grid-position 0.460571;
6910 1-grid-position 0.12977;
6920 2-grid-position 0.461989;
6930 1-grid-position 0.131188;
6934.09 ppq 400;
6940 2-grid-position 0.463407;
6950 1-grid-position 0.132504;
6960 2-grid-position 0.464724;
6968.18 ppq 401;
6970 1-grid-position 0.133922;
6980 2-grid-position 0.466142;
6990 1-grid-position 0.13534;
7000 1-grid-playing 0;
7000 1-ui-transport label Stopped;
7000 1-grid-paused 0;
7000 1-ui-transport label Stopped;
7000 1-grid-position 0;
7000 2-grid-position 0.46756;
7000 2-grid-playing 0;
7000 2-ui-transport label Stopped;
7000 2-grid-paused 0;
7000 2-ui-transport label Stopped;
7000 2-grid-position 0;
7000 clock-run-ui set 0;
7009 1-grid-paused 0;
7009 1-ui-transport label Stopped;
7009 1-grid-playing 0;
7009 1-ui-transport label Stopped;
7009 1-grid-position 0;
7009 2-grid-paused 0;
7009 2-ui-transport label Stopped;
7009 2-grid-playing 0;
7009 2-ui-transport label Stopped;
7009 2-grid-position 0;
7100 mlr-save-status label Saving\ live\ 3...;
7130 mlr-save-status label Saved\ Live\ 3:\ saved\ take.wav;
7130 live_buffer_3-view-info info live 3 1 44100 0 57280 Live\ 3 Saved;
7300 1-ui-transport label Switching\ buffer;
7320 1-grid-paused 0;
7320 1-ui-transport label Switching\ buffer;
7320 1-grid-playing 0;
7320 1-ui-transport label Switching\ buffer;
7320 1-grid-position 0;
7320 1-ui-transport label Switching\ buffer;
7320 1-ui-slot set 3;
7320 l_b_buffer_states 3 44.1 0 57280 3580 1;
7320 live_buffer_3-view-info info live 3 1 44100 0 57280 Live\ 3 Saved;
7320 1-ui-transport label Switching\ buffer;
7320 1-ui-transport label Stopped;
7400 1-open-player-view;
7400 mlr-close-views;
7700 waveform-peaks-reply info live 3 1 44100 0 57280 Live\ 3 Saved;
7700 waveform-peaks-reply peaks live_buffer_3 0 57280 -0.249126 0.247054 -0.199997 0.199971 -0.248593 0.247586 -0.199959 0.199999 -0.24806 0.248119 -0.199993 0.199981 -0.247527 0.248652 -0.199995 0.199978 -0.246994 0.249185 -0.199954 0.2 -0.246461 0.249718 -0.199996 0.199975 -0.249749 0.24643 -0.199992 0.199984 -0.249216 0.246963 -0.199963 0.199999 -0.248683 0.248029 -0.199998 0.199968 -0.247618 0.248562 -0.199987 0.199989 -0.247085 0.249094 -0.199971 0.199998 -0.246552 0.249627 -0.199999 0.19996 -0.24984 0.246339 -0.199982 0.199993 -0.249307 0.246872 -0.199978 0.199995 -0.248774 0.247405 -0.2 0.199954 -0.248241 0.247938 -0.199976 0.199996 -0.247708 0.248471 -0.199983 0.199992 -0.247175 0.249004 -0.199999 0.199962 -0.246643 0.249537 -0.199969 0.199998 -0.249931 0.246781 -0.199988 0.199987 -0.248865 0.247314 -0.199998 0.19997 -0.248332 0.247847 -0.199943 0.199999 -0.247799 0.24838 -0.199993 0.199982 -0.247266 0.248913 -0.199995 0.199977 -0.246733 0.249446 -0.199953 0.2 -0.2462 0.249979 -0.199996 0.199976 -0.249488 0.246691 -0.199992 0.199983 -0.248955 0.247224 -0.199962 0.199999 -0.248423 0.247757 -0.199998 0.199932 -0.24789 0.248822 -0.199988 0.199988 -0.246824 0.249355 -0.19997 0.199998 -0.246291 0.249888 -0.199999 0.199943 -0.249579 0.2466 -0.199907 0.199992 -0.249046 0.247133 -0.199983 0.199996 -0.248513 0.247666 -0.2 0.199952 -0.24798 0.248199 -0.19992 0.199996 -0.247447 0.248732 -0.199983 0.199878 -0.246915 0.249265 -0.199999 0.199992 -0.246382 0.249797 -0.199931 0.199998 -0.24967 0.246509 -0.199988 0.199893 -0.249137 0.247575 -0.199998 0.199988 -0.248071 0.248108 -0.199942 0.199999 -0.247538 0.248641 -0.199992 0.199906 -0.247005 0.249174 -0.199879 0.199983 -0.246472 0.249707 -0.199996 0.2 -0.24976 0.246419 -0.199995 0.199919 -0.249228 0.246952 -0.199877 0.199982 -0.248695 0.247485 -0.199992 0.199908 -0.248162 0.248017 -0.199998 0.199999 -0.247629 0.24855 -0.199892 0.199987 -0.247096 0.249616 -0.199988 0.199894 -0.249851 0.246328 -0.199932 0.199998 -0.249318 0.246861 -0.199999 0.199992 -0.248785 0.247394 -0.199983 0.19988 -0.248252 0.247927 -0.199921 0.199996 -0.24772 0.24846 -0.2 0.199995 -0.247187 0.248992 -0.199982 0.199876 -0.246654 0.249525 -0.199908 0.199993 -0.249942 0.246237 -0.199999 0.199944 -0.249409 0.24677 -0.199987 0.199998 -0.248876 0.247303 -0.199895 0.199989 -0.248343 0.248369 -0.199998 0.199933 -0.247277 0.248902 -0.199963 0.199999 -0.246744 0.249435 -0.199992 0.199984 -0.246212 0.249968 -0.199996 0.199922 -0.2495 0.24668 -0.199954 0.2 -0.248967 0.247212 -0.199995 0.199978 -0.248434 0.247745 -0.199993 0.199982 -0.247901 0.248278 -0.199944 0.199999 -0.247368 0.248811 -0.199997 0.199971 -0.246835 0.249344 -0.199989 0.199987 -0.246302 0.249877 -0.199934 0.199998 -0.24959 0.247122 -0.199999 0.199963 -0.248525 0.247655 -0.199984 0.199991 -0.247992 0.248187 -0.199975 0.199996 -0.247459 0.24872 -0.2 0.199955 -0.246926 0.249253 -0.199978 0.199995 -0.246393 0.249786 -0.199981 0.199993 -0.249681 0.246498 -0.2 0.199959 -0.249148 0.247031 -0.199971 0.199997 -0.248615 0.247564 -0.199987 0.199989 -0.248082 0.248097 -0.199998 0.199967 -0.247549 0.249163 -0.199964 0.199999 -0.246484 0.249695 -0.199991 0.199985 -0.249772 0.246407 -0.199996 0.199975 -0.249239 0.24694 -0.199955 0.2 -0.248706 0.247473 -0.199995 0.199979 -0.248173 0.248006 -0.199993 0.199981 -0.24764 0.248539 -0.199958 0.2 -0.247107 0.249072 -0.199997 0.199972 -0.246574 0.249605 -0.199989 0.199986 -0.249862 0.246317 -0.199967 0.199999 -0.249329 0.24685 -0.199999 0.199964 -0.248797 0.247915 -0.199985 0.199991 -0.247731 0.248448 -0.199974 0.199997 -0.247198 0.248981 -0.2 0.199956 -0.246665 0.249514 -0.199979 0.199994 -0.249953 0.246226 -0.19998 0.199994 -0.24942 0.246759 -0.2 0.199958 -0.248887 0.247292 -0.199972 0.199997 -0.248354 0.247825 -0.199986 0.19999 -0.247822 0.248358 -0.199999 0.199966 -0.247289 0.24889 -0.199965 0.199999 -0.246756 0.249423 -0.199991 0.199985 -0.249511 0.249956 -0.199997 0.199974 -0.248978 0.247201 -0.199956 0.2 -0.248445 0.247734 -0.199994 0.199979 -0.247912 0.248267 -0.199994 0.19998 -0.247379 0.2488 -0.199957 0.2 -0.246846 0.249333 -0.199997 0.199973 -0.246314 0.249866 -0.19999 0.199986 -0.249602 0.246578 -0.199966 0.199999 -0.249069 0.24711 -0.199999 0.199965 -0.248536 0.247643 -0.199985 0.19999 -0.248003 0.248709 -0.199973 0.199997 -0.246937 0.249242 -0.2 0.199957 -0.246404 0.249775 -0.19998 0.199994 -0.249692 0.246487 -0.19998 0.199994 -0.249159 0.24702 -0.2 0.199957 -0.248626 0.247553 -0.199973 0.199997 -0.248094 0.248086 -0.199985 0.19999 -0.247561 0.248618 -0.199999 0.199965 -0.247028 0.249151 -0.199966 0.199999 -0.246495 0.249684 -0.19999 0.199986 -0.249783 0.246396 -0.199997 0.199973 -0.24925 0.247462 -0.199957 0.2 -0.248184 0.247995 -0.199994 0.19998 -0.247651 0.248528 -0.199994 0.199979 -0.247119 0.249061 -0.199956 0.2 -0.246586 0.249593 -0.199997 0.199974 -0.249874 0.246305 -0.199991 0.199985 -0.249341 0.246838 -0.199965 0.199999 -0.248808 0.247371 -0.199999 0.199967 -0.248275 0.247904 -0.199986 0.19999 -0.247742 0.248437 -0.199972 0.199997 -0.247209 0.249503 -0.2 0.199958 -0.249964 0.246215 -0.19998 0.199993 -0.249431 0.246748 -0.199979 0.199994 -0.248899 0.247281 -0.2 0.199956 -0.248366 0.247813 -0.199974 0.199997 -0.247833 0.248346 -0.199985 0.199991 -0.2473 0.248879 -0.199999 0.199964 -0.246767 0.249412 -0.199967 0.199999 -0.246234 0.249945 -0.199989 0.199986 -0.249522 0.246657 -0.199997 0.199972 -0.248989 0.24719 -0.199959 0.2 -0.248456 0.248256 -0.199993 0.199981 -0.247391 0.248789 -0.199995 0.199978 -0.246858 0.249321 -0.199955 0.2 -0.246325 0.249854 -0.199996 0.199975 -0.249613 0.246566 -0.199991 0.199984 -0.24908 0.247099 -0.199964 0.199999 -0.248547 0.247632 -0.199998 0.199967 -0.248014 0.248165 -0.199987 0.199989 -0.247481 0.248698 -0.199971 0.199997 -0.246948 0.249231 -0.199999 0.199959 -0.246416 0.249764 -0.199981 0.199993 -0.249704 0.247009 -0.199978 0.199995 -0.248638 0.247541 -0.2 0.199955 -0.248105 0.248074 -0.199975 0.199996 -0.247572 0.248607 -0.199984 0.199992 -0.247039 0.24914 -0.199999 0.199963 -0.246506 0.249673 -0.199968 0.199998 -0.249794 0.246385 -0.199989 0.199987 -0.249261 0.246918 -0.199997 0.199971 -0.248728 0.247451 -0.19996 0.199999 -0.248196 0.247984 -0.199993 0.199982 -0.247663 0.249049 -0.199995 0.199978 -0.246597 0.249582 -0.199954 0.2 -0.249885 0.246294 -0.199996 0.199976 -0.249352 0.246827 -0.199992 0.199984 -0.248819 0.24736 -0.199963 0.199999 -0.248286 0.247893 -0.199998 0.199968 -0.247753 0.248426 -0.199987 0.199989 -0.247221 0.248959 -0.19997 0.199998 -0.246688 0.249492 -0.199999 0.19996 -0.249976 0.246204 -0.199982 0.199993 -0.249443 0.246736 -0.199977 0.199995 -0.24891 0.247802 -0.2 0.199953 -0.247844 0.248335 -0.199976 0.199996 -0.247311 0.248868 -0.199983 0.199992 -0.246778 0.249401 -0.199999 0.199962 -0.246245 0.249934 -0.199932 0.199998 -0.249533 0.246646 -0.199988 0.199988 -0.249001 0.247179 -0.199998 0.19997 -0.248468 0.247711 -0.199943 0.199999 -0.247935 0.248244 -0.199992 0.199907 -0.247402 0.248777 -0.199995 0.199982 -0.246869 0.249843 -0.199953 0.2 -0.249624 0.246555 -0.199996 0.19992 -0.249091 0.247088 -0.199992 0.199983 -0.248558 0.247621 -0.199961 0.199999 -0.248025 0.248154 -0.199998 0.199931 -0.247493 0.248687 -0.199893 0.199988 -0.24696 0.249219 -0.199988 0.199998 -0.246427 0.249752 -0.199999 0.199942 -0.249715 0.246464 -0.199907 0.199992 -0.249182 0.246997 -0.199983 0.199878 -0.248649 0.24753 -0.2 0.199996 -0.248116 0.248596 -0.199919 0.199996 -0.24705 0.249129 -0.199982 0.199878 -0.246518 0.249662 -0.199907 0.199992 -0.249805 0.246374 -0.199999 0.199998 -0.249273 0.246907 -0.199988 0.199892 -0.24874 0.247439 -0.199894 0.199988 -0.248207 0.247972 -0.199998 0.199999 -0.247674 0.248505 -0.199992 0.199906 -0.247141 0.249038 -0.199879 0.199983 -0.246608 0.249571 -0.199996 0.199921 -0.249896 0.246283 -0.199995 0.2 -0.249363 0.247349 -0.199877 0.199982 -0.248298 0.247882 -0.199993 0.199908 -0.247765 0.248414 -0.199943 0.199999 -0.247232 0.248947 -0.199998 0.199987 -0.246699 0.24948 -0.199988 0.199895 -0.249987 0.246192 -0.199933 0.199998 -0.249454 0.246725 -0.199999 0.199962 -0.248921 0.247258 -0.199984 0.199992 -0.248388 0.247791 -0.199921 0.199996 -0.247855 0.248324 -0.2 0.199954 -0.247322 0.24939 -0.199982 0.199995 -0.246257 0.249922 -0.199909 0.199993 -0.249545 0.246634 -0.199999 0.199944 -0.249012 0.247167 -0.199971 0.199998 -0.248479 0.2477 -0.199987 0.199989 -0.247946 0.248233 -0.199998 0.199934 -0.247413 0.248766 -0.199963 0.199999 -0.24688 0.249299 -0.199992 0.199984 -0.246347 0.249832 -0.199996 0.199975 -0.249635 0.246544 -0.199954 0.2 -0.249103 0.247077 -0.199995 0.199978 -0.24857 0.248142 -0.199993 0.199981 -0.247504 0.248675 -0.199959 0.199999 -0.246971 0.249208 -0.199997 0.199971 -0.246438 0.249741 -0.199989 0.199987 -0.249726 0.246453 -0.199968 0.199998 -0.249193 0.246986 -0.199999 0.199964 -0.24866 0.247519 -0.199984 0.199991 -0.248127 0.248052 -0.199975 0.199996 -0.247595 0.248585 -0.2 0.199955 -0.247062 0.249117 -0.199978 0.199995 -0.249817 0.24965 -0.199981 0.199993 -0.249284 0.246895 -0.2 0.199959 -0.248751 0.247428 -0.199972 0.199997 -0.248218 0.247961 -0.199986 0.199989 -0.247685 0.248494 -0.199999 0.199967 -0.247152 0.249027 -0.199964 0.199999 -0.246619 0.24956 -0.199991 0.199985 -0.249907 0.246272 -0.199997 0.199974 -0.249375 0.246805 -0.199956 0.2 -0.248842 0.247337 -0.199994 0.199979 -0.248309 0.24787 -0.199993 0.199981 -0.247776 0.248936 -0.199958 0.2 -0.24671 0.249469 -0.199997 0.199972 -0.249998 0.246181 -0.19999 0.199986 -0.249465 0.246714 -0.199967 0.199999 -0.248932 0.247247 -0.199999 0.199965 -0.248399 0.24778 -0.199985 0.199991 -0.247867 0.248313 -0.199974 0.199997 -0.247334 0.248845 -0.2 0.199956 -0.246801 0.249378 -0.199979 0.199994 -0.246268 0.249911 -0.19998 0.199994 -0.249556 0.246623 -0.2 0.199958 -0.249023 0.247689 -0.199973 0.199997 -0.247957 0.248222 -0.199986 0.19999 -0.247424 0.248755 -0.199999 0.199966 -0.246892 0.249288 -0.199965 0.199999 -0.246359 0.24982 -0.19999 0.199985 -0.249647 0.246532 -0.199997 0.199973 -0.249114 0.247065 -0.199957 0.2 -0.248581 0.247598 -0.199994 0.19998 -0.248048 0.248131 -0.199994 0.19998 -0.247515 0.248664 -0.199957 0.2 -0.246982 0.24973 -0.199997 0.199973 -0.249737 0.246442 -0.19999 0.199986 -0.249204 0.246975 -0.199966 0.199999 -0.248672 0.247508 -0.199999 0.199966 -0.248139 0.24804 -0.199986 0.19999 -0.247606 0.248573 -0.199973 0.199997 -0.247073 0.249106 -0.2 0.199957 -0.24654 0.249639 -0.19998 0.199994 -0.249828 0.246351 -0.199979 0.199994 -0.249295 0.246884 -0.2 0.199956 -0.248762 0.247417 -0.199974 0.199997 -0.248229 0.248483 -0.199985 0.199991 -0.247164 0.249016 -0.199999 0.199965 -0.246631 0.249548 -0.199966 0.199999 -0.249919 0.24626 -0.19999 0.199986 -0.249386 0.246793 -0.199997 0.199972 -0.248853 0.247326 -0.199958 0.2 -0.24832 0.247859 -0.199994 0.19998 -0.247787 0.248392 -0.199994 0.199979 -0.247254 0.248925 -0.199956 0.2 -0.246721 0.249458 -0.199997 0.199974 -0.249477 0.249991 -0.199991 0.199985 -0.248944 0.247235 -0.199964 0.199999 -0.248411 0.247768 -0.199999 0.199967 -0.247878 0.248301 -0.199986 0.19999 -0.247345 0.248834 -0.199972 0.199997 -0.246812 0.249367 -0.2 0.199958 -0.246279 0.2499 -0.199981 0.199993 -0.249567 0.246612 -0.199979 0.199995 -0.249034 0.247145 -0.2 0.199955 -0.248501 0.247678 -0.199974 0.199997 -0.247969 0.248211 -0.199985 0.199991 -0.247436 0.249276 -0.199999 0.199964 -0.24637 0.249809 -0.199967 0.199998 -0.249658 0.246521 -0.199989 0.199987 -0.249125 0.247054 -0.199997 0.199971 -0.248592 0.247587 -0.199959 0.2 -0.248059 0.24812 -0.199993 0.199981 -0.247526 0.248653 -0.199995 0.199978 -0.246994 0.249186 -0.199955 0.2 -0.246461 0.249719 -0.199996 0.199975 -0.249749 0.246431 -0.199991 0.199984 -0.249216 0.246963 -0.199963 0.199999 -0.248683 0.248029 -0.199998 0.199968 -0.247617 0.248562 -0.199987 0.199989 -0.247084 0.249095 -0.199971 0.199997 -0.246551 0.249628 -0.199999 0.199959 -0.249839 0.24634 -0.199981 0.199993 -0.249306 0.246873 -0.199978 0.199995 -0.248774 0.247406 -0.2 0.199954 -0.248241 0.247938 -0.199975 0.199996 -0.247708 0.248471 -0.199984 0.199992 -0.247175 0.249004 -0.199999 0.199963 -0.24993 0.249537 -0.199968 0.199998 -0.249397 0.246782 -0.199989 0.199987 -0.248864 0.247315 -0.199998 0.199971 -0.248331 0.247848 -0.19996 0.199999 -0.247798 0.248381 -0.199993 0.199982 -0.247266 0.248914 -0.199995 0.199978 -0.246733 0.249446 -0.199954 0.2 -0.2462 0.249979 -0.199996 0.199976 -0.249488 0.246691 -0.199992 0.199983 -0.248955 0.247224 -0.199962 0.199999 -0.248422 0.247757 -0.199998 0.199969 -0.247889 0.248823 -0.199987 0.199988 -0.246823 0.249356 -0.19997 0.199998 -0.246291 0.249889 -0.199999 0.199943 -0.249579 0.246601 -0.199982 0.199993 -0.249046 0.247134 -0.199977 0.199995 -0.248513 0.247666 -0.2 0.199953 -0.24798 0.248199 -0.19992 0.199996 -0.247447 0.248732 -0.199983 0.199992 -0.246914 0.249265 -0.199999 0.199962 -0.246381 0.249798 -0.199932 0.199998 -0.249669 0.247043 -0.199988 0.199893 -0.248603 0.247576 -0.199998 0.199988 -0.248071 0.248109 -0.199943 0.199999 -0.247538 0.248641 -0.199992 0.199907 -0.247005 0.249174 -0.199996 0.199983 -0.246472 0.249707 -0.199952 0.2 -0.24976 0.246419 -0.199996 0.199919 -0.249227 0.246952 -0.199878 0.199983 -0.248694 0.247485 -0.199992 0.199999 -0.248161 0.248018 -0.199998 0.199931 -0.247628 0.248551 -0.199892 0.199988 -0.247095 0.249617 -0.199988 0.199893 -0.249851 0.246329 -0.199999 0.199998 -0.249318 0.246861 -0.199906 0.199992 -0.248785 0.247394 -0.199983 0.199879 -0.248252 0.247927 -0.19992 0.199996 -0.247719 0.24846 -0.2 0.199995 -0.247186 0.248993 -0.199982 0.199877 -0.246653 0.249526 -0.199908 0.199993 -0.249941 0.246238 -0.199999 0.199998 -0.249408 0.246771 -0.199987 0.199892 -0.248875 0.247304 -0.199894 0.199988 -0.248343 0.248369 -0.199998 0.199932 -0.247277 0.248902 -0.199992 0.199999 -0.246744 0.249435 -0.19988 0.199983 -0.246211 0.249968 -0.199996 0.199921 -0.249499 0.24668 -0.199954 0.2 -0.248966 0.247213 -0.199995 0.199982 -0.248433 0.247746 -0.199993 0.199909 -0.2479 0.248279 -0.199944 0.199999 -0.247368 0.248812 -0.199998 0.19997 -0.246835 0.249344 -0.199989 0.199987 -0.24959 0.249877 -0.199933 0.199998 -0.249057 0.247122 -0.199999 0.199963 -0.248524 0.247655 -0.199984 0.199992 -0.247991 0.248188 -0.199922 0.199996 -0.247458 0.248721 -0.2 0.199954 -0.246925 0.249254 -0.199978 0.199995 -0.246392 0.249787 -0.199982 0.199993 -0.24968 0.246499 -0.199999 0.199944 -0.249148 0.247032 -0.199971 0.199997 -0.248615 0.247564 -0.199987 0.199989 -0.248082 0.248097 -0.199998 0.199968 -0.247549 0.249163 -0.199963 0.199999 -0.246483 0.249696 -0.199991 0.199984 -0.249771 0.246408 -0.199996 0.199975 -0.249238 0.246941 -0.199955 0.2 -0.248705 0.247474 -0.199995 0.199978 -0.248173 0.248007 -0.199993 0.199981 -0.24764 0.24854 -0.199959 0.2 -0.247107 0.249072 -0.199997 0.199971 -0.246574 0.249605 -0.199989 0.199987 -0.249862 0.246317 -0.199967 0.199998;
8000 mlr-save-status label That\ live\ buffer\ is\ empty;
8300 mlr-save-status label Saving\ live\ 3...;
8330 mlr-save-status label Save\ incomplete\ -\ see\ console;
8700 s_b_buffer_states 2 0 48 300 0 4800;
8700 sample_buffer_2-view-info info sample 2 0 48000 0 4800 Empty Empty;
8720 s_b_buffer_states 2 0 0 0 0 0;
8720 sample_buffer_2-view-info info sample 2 0 0 0 0 Empty Empty;
8800 1-ui-transport label Switching\ buffer;
8820 1-grid-paused 0;
8820 1-ui-transport label Switching\ buffer;
8820 1-grid-playing 0;
8820 1-ui-transport label Switching\ buffer;
8820 1-grid-position 0;
8820 1-ui-transport label Switching\ buffer;
8820 1-ui-slot set 2;
8820 s_b_buffer_states 2 0 0 0 0 0;
8820 sample_buffer_2-view-info info sample 2 0 0 0 0 Empty Empty;
8820 1-ui-transport label Switching\ buffer;
8820 1-ui-transport label Empty\ buffer;
9300 1-grid-playing 0;
9300 1-ui-transport label Empty\ buffer;
9300 1-grid-paused 0;
9300 1-ui-transport label Empty\ buffer;
9300 1-grid-position 0;
9300 s_b_buffer_states 2 0 0 0 0 0;
9300 sample_buffer_2-view-info info sample 2 0 0 0 0 Empty Empty;
9300 1-ui-transport label Empty\ buffer;
9309 1-grid-paused 0;
9309 1-ui-transport label Empty\ buffer;
9309 1-grid-playing 0;
9309 1-ui-transport label Empty\ buffer;
9309 1-grid-position 0;
9320 s_b_buffer_states 2 1 48 300 0 4800;
9320 sample_buffer_2-view-info info sample 2 1 48000 0 4800 short\ stereo.wav Loaded;
9320 1-ui-transport label Stopped;
9320 2-ui-transport label Switching\ buffer;
9340 2-grid-paused 0;
9340 2-ui-transport label Switching\ buffer;
9340 2-grid-playing 0;
9340 2-ui-transport label Switching\ buffer;
9340 2-grid-position 0;
9340 2-ui-transport label Switching\ buffer;
9340 2-ui-slot set 2;
9340 s_b_buffer_states 2 1 48 300 0 4800;
9340 2-ui-transport label Switching\ buffer;
9340 sample_buffer_2-view-info info sample 2 1 48000 0 4800 short\ stereo.wav Loaded;
9340 1-ui-transport label Stopped;
9340 2-ui-transport label Stopped;
9500 1-open-player-view;
9500 mlr-close-views;
10200 2-grid-playing 0;
10200 2-ui-transport label Stopped;
10200 2-grid-paused 0;
10200 2-ui-transport label Stopped;
10200 2-grid-position 0;
10200 1-grid-playing 0;
10200 1-ui-transport label Stopped;
10200 1-grid-paused 0;
10200 1-ui-transport label Stopped;
10200 1-grid-position 0;
10200 s_b_buffer_states 2 0 48 300 0 4800;
10200 2-ui-transport label Empty\ buffer;
10200 sample_buffer_2-view-info info sample 2 0 48000 0 4800 Empty Empty;
10200 1-ui-transport label Empty\ buffer;
10209 2-grid-paused 0;
10209 2-ui-transport label Empty\ buffer;
10209 2-grid-playing 0;
10209 2-ui-transport label Empty\ buffer;
10209 2-grid-position 0;
10209 1-grid-paused 0;
10209 1-ui-transport label Empty\ buffer;
10209 1-grid-playing 0;
10209 1-ui-transport label Empty\ buffer;
10209 1-grid-position 0;
10220 s_b_buffer_states 2 1 44.1 39492.6 0 631881;
10220 2-ui-transport label Stopped;
10220 sample_buffer_2-view-info info sample 2 1 44100 0 631881 input.wav Loaded;
10220 1-ui-transport label Stopped;
10220 2-ui-transport label Switching\ buffer;
10240 2-grid-paused 0;
10240 2-ui-transport label Switching\ buffer;
10240 2-grid-playing 0;
10240 2-ui-transport label Switching\ buffer;
10240 2-grid-position 0;
10240 2-ui-transport label Switching\ buffer;
10240 2-ui-slot set 2;
10240 s_b_buffer_states 2 1 44.1 39492.6 0 631881;
10240 2-ui-transport label Switching\ buffer;
10240 sample_buffer_2-view-info info sample 2 1 44100 0 631881 input.wav Loaded;
10240 1-ui-transport label Stopped;
10240 2-ui-transport label Stopped;
10400 1-open-player-view;
10400 mlr-close-views;
10800 1-ui-transport label Switching\ buffer;
10820 1-grid-paused 0;
10820 1-ui-transport label Switching\ buffer;
10820 1-grid-playing 0;
10820 1-ui-transport label Switching\ buffer;
10820 1-grid-position 0;
10820 1-ui-transport label Switching\ buffer;
10820 1-ui-slot set 1;
10820 s_b_buffer_states 1 1 44.1 39492.6 0 631881;
10820 1-ui-transport label Switching\ buffer;
10820 sample_buffer_1-view-info info sample 1 1 44100 0 631881 input.wav Loaded;
10820 1-ui-transport label Stopped;
11000 1-grid-playing 1;
11000 1-ui-transport label Playing;
11000 1-grid-position 0;
11000 1-grid-paused 0;
11000 1-ui-transport label Playing;
11000 2-grid-playing 1;
11000 2-ui-transport label Playing;
11000 2-grid-position 0;
11000 2-grid-paused 0;
11000 2-ui-transport label Playing;
11020 1-grid-position 0.00134834;
11020 2-grid-position 0.00134834;
11040 1-grid-position 0.00276633;
11040 2-grid-position 0.00276633;
11060 1-grid-position 0.00418432;
11060 2-grid-position 0.00418432;
11080 1-grid-position 0.00550102;
11080 2-grid-position 0.00550102;
11100 1-grid-position 0.00691901;
11100 2-grid-position 0.00691901;
11120 1-grid-position 0.008337;
11120 2-grid-position 0.008337;
11140 1-grid-position 0.00975499;
11140 2-grid-position 0.00975499;
11160 1-grid-position 0.0110717;
11160 2-grid-position 0.0110717;
11180 1-grid-position 0.0124897;
11180 2-grid-position 0.0124897;
11200 1-grid-position 0.0139077;
11200 2-grid-position 0.0139077;
11220 1-grid-position 0.0153257;
11220 2-grid-position 0.0153257;
11240 1-grid-position 0.0167436;
11240 2-grid-position 0.0167436;
11260 1-grid-position 0.0180603;
11260 2-grid-position 0.0180603;
11280 1-grid-position 0.0194783;
11280 2-grid-position 0.0194783;
11300 1-grid-position 0.0208963;
11300 2-grid-position 0.0208963;
11320 1-grid-position 0.0223143;
11320 2-grid-position 0.0223143;
11340 1-grid-position 0.023631;
11340 2-grid-position 0.023631;
11360 1-grid-position 0.025049;
11360 2-grid-position 0.025049;
11380 1-grid-position 0.026467;
11380 2-grid-position 0.026467;
11400 1-grid-position 0.027885;
11400 2-grid-position 0.027885;
11420 1-grid-position 0.029303;
11420 2-grid-position 0.029303;
11440 1-grid-position 0.0306197;
11440 2-grid-position 0.0306197;
11460 1-grid-position 0.0320377;
11460 2-grid-position 0.0320377;
11480 1-grid-position 0.0334557;
11480 2-grid-position 0.0334557;
11500 1-open-player-view;
11500 mlr-close-views;
11500 1-grid-position 0.0348736;
11500 2-grid-position 0.0348736;
11520 1-grid-position 0.0362916;
11520 2-grid-position 0.0362916;
11540 1-grid-position 0.0376083;
11540 2-grid-position 0.0376083;
11560 1-grid-position 0.0390263;
11560 2-grid-position 0.0390263;
11580 1-grid-position 0.0404443;
11580 2-grid-position 0.0404443;
11600 1-grid-position 0.0418623;
11600 2-grid-position 0.0418623;
11620 1-grid-position 0.043179;
11620 2-grid-position 0.043179;
11640 1-grid-position 0.044597;
11640 2-grid-position 0.044597;
11660 1-grid-position 0.046015;
11660 2-grid-position 0.046015;
11680 1-grid-position 0.047433;
11680 2-grid-position 0.047433;
11700 1-grid-position 0.048851;
11700 2-grid-position 0.048851;
11720 1-grid-position 0.0501677;
11720 2-grid-position 0.0501677;
11740 1-grid-position 0.0515856;
11740 2-grid-position 0.0515856;
11760 1-grid-position 0.0530036;
11760 2-grid-position 0.0530036;
11780 1-grid-position 0.0544216;
11780 2-grid-position 0.0544216;
11800 1-grid-position 0.0557383;
11800 2-grid-position 0.0557383;
11820 1-grid-position 0.0571563;
11820 2-grid-position 0.0571563;
11840 1-grid-position 0.0585743;
11840 2-grid-position 0.0585743;
11860 1-grid-position 0.0599923;
11860 2-grid-position 0.0599923;
11880 1-grid-position 0.0614103;
11880 2-grid-position 0.0614103;
11900 1-grid-position 0.062727;
11900 2-grid-position 0.062727;
11920 1-grid-position 0.064145;
11920 2-grid-position 0.064145;
11940 1-grid-position 0.065563;
11940 2-grid-position 0.065563;
11960 1-grid-position 0.066981;
11960 2-grid-position 0.066981;
11980 1-grid-position 0.0682977;
11980 2-grid-position 0.0682977;
12000 1-grid-position 0.0697156;
12000 2-grid-position 0.0697156;
12020 1-grid-position 0.0711336;
12020 2-grid-position 0.0711336;
12040 1-grid-position 0.0725516;
12040 2-grid-position 0.0725516;
12060 1-grid-position 0.0739696;
12060 2-grid-position 0.0739696;
12080 1-grid-position 0.0752863;
12080 2-grid-position 0.0752863;
12100 1-grid-position 0.0767043;
12100 2-grid-position 0.0767043;
12120 1-grid-position 0.0781223;
12120 2-grid-position 0.0781223;
12140 1-grid-position 0.0795403;
12140 2-grid-position 0.0795403;
12160 1-grid-position 0.0809583;
12160 2-grid-position 0.0809583;
12180 1-grid-position 0.082275;
12180 2-grid-position 0.082275;
12200 1-grid-position 0.083693;
12200 2-grid-position 0.083693;
12220 1-grid-position 0.0851109;
12220 2-grid-position 0.0851109;
12240 1-grid-position 0.0865289;
12240 2-grid-position 0.0865289;
12260 1-grid-position 0.0878456;
12260 2-grid-position 0.0878456;
12280 1-grid-position 0.0892636;
12280 2-grid-position 0.0892636;
12300 1-grid-position 0.0906816;
12300 2-grid-position 0.0906816;
12320 1-grid-position 0.0920996;
12320 2-grid-position 0.0920996;
12340 1-grid-position 0.0935176;
12340 2-grid-position 0.0935176;
12360 1-grid-position 0.0948343;
12360 2-grid-position 0.0948343;
12380 1-grid-position 0.0962523;
12380 2-grid-position 0.0962523;
12400 1-grid-position 0.0976703;
12400 2-grid-position 0.0976703;
12420 1-grid-position 0.0990883;
12420 2-grid-position 0.0990883;
12440 1-grid-position 0.100405;
12440 2-grid-position 0.100405;
12460 1-grid-position 0.101823;
12460 2-grid-position 0.101823;
12480 1-grid-position 0.103241;
12480 2-grid-position 0.103241;
12500 1-grid-playing 0;
12500 1-ui-transport label Stopped;
12500 1-grid-paused 0;
12500 1-ui-transport label Stopped;
12500 1-grid-position 0;
12500 2-grid-position 0.104659;
12500 2-grid-playing 0;
12500 2-ui-transport label Stopped;
12500 2-grid-paused 0;
12500 2-ui-transport label Stopped;
12500 2-grid-position 0;
12509 1-grid-paused 0;
12509 1-ui-transport label Stopped;
12509 1-grid-playing 0;
12509 1-ui-transport label Stopped;
12509 1-grid-position 0;
12509 2-grid-paused 0;
12509 2-ui-transport label Stopped;
12509 2-grid-playing 0;
12509 2-ui-transport label Stopped;
12509 2-grid-position 0;
13000 mlr-close-views;
14000 1-grid-playing 0;
14000 1-ui-transport label Stopped;
14000 1-grid-paused 0;
14000 1-ui-transport label Stopped;
14000 1-grid-position 0;
14000 2-grid-playing 0;
14000 2-ui-transport label Stopped;
14000 2-grid-paused 0;
14000 2-ui-transport label Stopped;
14000 2-grid-position 0;
14000 clock-run-ui set 0;
14000 mlr-close-views;
