0 l_b_buffer_states 3 48 0 0 0 0;
0 live_buffer_3-view-info info live 3 0 48000 0 0 Live\ 3 Empty;
0 s_b_buffer_states 1 0 0 0 0 0;
0 sample_buffer_1-view-info info sample 1 0 0 0 0 Empty Empty;
20 l_b_buffer_states 3 48 0 0 0 0;
20 live_buffer_3-view-info info live 3 0 48000 0 0 Live\ 3 Empty;
20 s_b_buffer_states 1 1 44.1 39492.6 0 631881;
20 sample_buffer_1-view-info info sample 1 1 44100 0 631881 input.wav Loaded;
20 1-ui-transport label Switching\ buffer;
30 s_b_buffer_states 2 0 0 0 0 0;
30 sample_buffer_2-view-info info sample 2 0 0 0 0 Empty Empty;
40 1-grid-paused 0;
40 1-ui-transport label Switching\ buffer;
40 1-grid-playing 0;
40 1-ui-transport label Switching\ buffer;
40 1-grid-position 0;
40 1-ui-transport label Switching\ buffer;
40 1-ui-slot set 1;
40 s_b_buffer_states 1 1 44.1 39492.6 0 631881;
40 1-ui-transport label Switching\ buffer;
40 sample_buffer_1-view-info info sample 1 1 44100 0 631881 input.wav Loaded;
40 1-ui-transport label Stopped;
50 s_b_buffer_states 2 1 48 300 0 4800;
50 sample_buffer_2-view-info info sample 2 1 48000 0 4800 short\ stereo.wav Loaded;
50 2-ui-transport label Switching\ buffer;
70 2-grid-paused 0;
70 2-ui-transport label Switching\ buffer;
70 2-grid-playing 0;
70 2-ui-transport label Switching\ buffer;
70 2-grid-position 0;
70 2-ui-transport label Switching\ buffer;
70 2-ui-slot set 2;
70 s_b_buffer_states 2 1 48 300 0 4800;
70 2-ui-transport label Switching\ buffer;
70 sample_buffer_2-view-info info sample 2 1 48000 0 4800 short\ stereo.wav Loaded;
70 2-ui-transport label Stopped;
100 1-ui-transport label Switching\ buffer;
100 2-ui-transport label Switching\ buffer;
120 1-grid-paused 0;
120 1-ui-transport label Switching\ buffer;
120 1-grid-playing 0;
120 1-ui-transport label Switching\ buffer;
120 1-grid-position 0;
120 1-ui-transport label Switching\ buffer;
120 1-ui-slot set 1;
120 s_b_buffer_states 1 1 44.1 39492.6 0 631881;
120 1-ui-transport label Switching\ buffer;
120 sample_buffer_1-view-info info sample 1 1 44100 0 631881 input.wav Loaded;
120 1-ui-transport label Stopped;
120 2-grid-paused 0;
120 2-ui-transport label Switching\ buffer;
120 2-grid-playing 0;
120 2-ui-transport label Switching\ buffer;
120 2-grid-position 0;
120 2-ui-transport label Switching\ buffer;
120 2-ui-slot set 1;
120 s_b_buffer_states 1 1 44.1 39492.6 0 631881;
120 2-ui-transport label Switching\ buffer;
120 1-ui-transport label Stopped;
120 sample_buffer_1-view-info info sample 1 1 44100 0 631881 input.wav Loaded;
120 2-ui-transport label Stopped;
150 audio-1-out 0.4;
150 audio-2-out 0.3;
150 ppq 0;
150 clock-run-ui set 1;
184.091 ppq 1;
218.182 ppq 2;
252.273 ppq 3;
286.364 ppq 4;
300 1-grid-playing 1;
300 1-ui-transport label Playing;
300 1-grid-position 0;
300 1-grid-paused 0;
300 1-ui-transport label Playing;
300 2-grid-playing 1;
300 2-ui-transport label Playing;
300 2-grid-position 0;
300 2-grid-paused 0;
300 2-ui-transport label Playing;
320 1-grid-position 0.00139583;
320 2-grid-position 0.00139583;
320.455 ppq 5;
340 1-grid-position 0.00279166;
340 2-grid-position 0.00279166;
354.545 ppq 6;
360 1-grid-position 0.0041875;
360 2-grid-position 0.0041875;
380 1-grid-position 0.00558333;
380 2-grid-position 0.00558333;
388.636 ppq 7;
400 1-grid-position 0.00697916;
400 2-grid-position 0.00697916;
420 1-grid-position 0.00837499;
420 2-grid-position 0.00837499;
422.727 ppq 8;
440 1-grid-position 0.00977083;
440 2-grid-position 0.00977083;
456.818 ppq 9;
460 1-grid-position 0.0111667;
460 2-grid-position 0.0111667;
480 1-grid-position 0.0125625;
480 2-grid-position 0.0125625;
490.909 ppq 10;
500 1-open-player-view;
500 mlr-close-views;
500 1-grid-position 0.0139583;
500 2-grid-position 0.0139583;
520 1-grid-position 0.0153542;
520 2-grid-position 0.0153542;
525 ppq 11;
540 1-grid-position 0.01675;
540 2-grid-position 0.01675;
559.091 ppq 12;
560 1-grid-position 0.0181458;
560 2-grid-position 0.0181458;
580 1-grid-position 0.0195417;
580 2-grid-position 0.0195417;
593.182 ppq 13;
600 1-grid-position 0.0209375;
600 2-grid-position 0.0209375;
620 1-grid-position 0.0223333;
620 2-grid-position 0.0223333;
627.273 ppq 14;
640 1-grid-position 0.0237291;
640 2-grid-position 0.0237291;
660 1-grid-position 0.025125;
660 2-grid-position 0.025125;
661.364 ppq 15;
680 1-grid-position 0.0265208;
680 2-grid-position 0.0265208;
695.455 ppq 16;
700 1-grid-position 0.0279166;
700 2-grid-position 0.0279166;
720 1-grid-position 0.0293125;
720 2-grid-position 0.0293125;
729.545 ppq 17;
740 1-grid-position 0.0307083;
740 2-grid-position 0.0307083;
760 1-grid-position 0.0321041;
760 2-grid-position 0.0321041;
763.636 ppq 18;
780 1-grid-position 0.0335;
780 2-grid-position 0.0335;
797.727 ppq 19;
800 1-grid-position 0.0348958;
800 2-grid-position 0.0348958;
820 1-grid-position 0.0362916;
820 2-grid-position 0.0362916;
831.818 ppq 20;
840 1-grid-position 0.0376875;
840 2-grid-position 0.0376875;
860 1-grid-position 0.0390833;
860 2-grid-position 0.0390833;
865.909 ppq 21;
880 1-grid-position 0.0404791;
880 2-grid-position 0.0404791;
900 ppq 22;
900 1-grid-position 0.041875;
900 2-grid-position 0.041875;
920 1-grid-position 0.0432708;
920 2-grid-position 0.0432708;
934.091 ppq 23;
940 1-grid-position 0.0446666;
940 2-grid-position 0.0446666;
960 1-grid-position 0.0460625;
960 2-grid-position 0.0460625;
968.182 ppq 24;
980 1-grid-position 0.0474583;
980 2-grid-position 0.0474583;
1000 1-grid-position 0.0488541;
1000 2-grid-position 0.0488541;
1002.27 ppq 25;
1020 1-grid-position 0.05025;
1020 2-grid-position 0.05025;
1036.36 ppq 26;
1040 1-grid-position 0.0516458;
1040 2-grid-position 0.0516458;
1060 1-grid-position 0.0530416;
1060 2-grid-position 0.0530416;
1070.45 ppq 27;
1080 1-grid-position 0.0544375;
1080 2-grid-position 0.0544375;
1100 1-grid-position 0.0558333;
1100 2-grid-position 0.0558333;
1104.55 ppq 28;
1120 1-grid-position 0.0572291;
1120 2-grid-position 0.0572291;
1138.64 ppq 29;
1140 1-grid-position 0.058625;
1140 2-grid-position 0.058625;
1160 1-grid-position 0.0600208;
1160 2-grid-position 0.0600208;
1172.73 ppq 30;
1180 1-grid-position 0.0614166;
1180 2-grid-position 0.0614166;
1200 1-grid-position 0.0628125;
1200 2-grid-position 0.0628125;
1206.82 ppq 31;
1220 1-grid-position 0.0642083;
1220 2-grid-position 0.0642083;
1240 1-grid-position 0.0656041;
1240 2-grid-position 0.0656041;
1240.91 ppq 32;
1260 1-grid-position 0.0669999;
1260 2-grid-position 0.0669999;
1275 ppq 33;
1280 1-grid-position 0.0683958;
1280 2-grid-position 0.0683958;
1300 1-grid-position 0.0697916;
1300 2-grid-position 0.0697916;
1309.09 ppq 34;
1320 1-grid-position 0.0711875;
1320 2-grid-position 0.0711875;
1340 1-grid-position 0.0725833;
1340 2-grid-position 0.0725833;
1343.18 ppq 35;
1360 1-grid-position 0.0739791;
1360 2-grid-position 0.0739791;
1377.27 ppq 36;
1380 1-grid-position 0.0753749;
1380 2-grid-position 0.0753749;
1400 1-grid-position 0.0767708;
1400 2-grid-position 0.0767708;
1411.36 ppq 37;
1420 1-grid-position 0.0781666;
1420 2-grid-position 0.0781666;
1440 1-grid-position 0.0795624;
1440 2-grid-position 0.0795624;
1445.45 ppq 38;
1460 1-grid-position 0.0809583;
1460 2-grid-position 0.0809583;
1479.55 ppq 39;
1480 1-grid-position 0.0823541;
1480 2-grid-position 0.0823541;
1500 1-grid-position 0.0837499;
1500 2-grid-position 0.0837499;
1513.64 ppq 40;
1520 1-grid-position 0.0851458;
1520 2-grid-position 0.0851458;
1540 1-grid-position 0.0865416;
1540 2-grid-position 0.0865416;
1547.73 ppq 41;
1560 1-grid-position 0.0879374;
1560 2-grid-position 0.0879374;
1580 1-grid-position 0.0893333;
1580 2-grid-position 0.0893333;
1581.82 ppq 42;
1600 1-grid-position 0.0907291;
1600 2-grid-position 0.0907291;
1615.91 ppq 43;
1620 1-grid-position 0.0921249;
1620 2-grid-position 0.0921249;
1640 1-grid-position 0.0935208;
1640 2-grid-position 0.0935208;
1650 ppq 44;
1660 1-grid-position 0.0949166;
1660 2-grid-position 0.0949166;
1680 1-grid-position 0.0963124;
1680 2-grid-position 0.0963124;
1684.09 ppq 45;
1700 1-grid-position 0.0977083;
1700 2-grid-position 0.0977083;
1718.18 ppq 46;
1720 1-grid-position 0.0991041;
1720 2-grid-position 0.0991041;
1740 1-grid-position 0.1005;
1740 2-grid-position 0.1005;
1752.27 ppq 47;
1760 1-grid-position 0.101896;
1760 2-grid-position 0.101896;
1780 1-grid-position 0.103292;
1780 2-grid-position 0.103292;
1786.36 ppq 48;
1800 waveform-peaks-reply info sample 1 1 44100 0 631881 input.wav Loaded;
1800 waveform-peaks-reply peaks sample_buffer_1 0 631881 -0.969765 0.969766 -0.969765 0.969765 -0.93171 0.963122 -0.969765 0.899284 -0.831418 0.658267 -0.458412 0.522 -0.0435669 0.000231266 -3.57628e-07 0.0680367 -3.57628e-07 3.57628e-07 -4.76837e-07 3.57628e-07 -3.57628e-07 3.57628e-07 -3.57628e-07 3.57628e-07 -3.57628e-07 3.57628e-07 -3.57628e-07 3.57628e-07 -0.375993 0.377123 -0.426135 0.488776 -0.217769 0.230486 -0.275072 0.220195 -0.0194129 0.0236677 -0.021283 0.0170478 0.000596642 0.00179505 -0.00174594 -0.000597119 0.000231147 0.000604391 -0.00060904 -0.000235438 7.62939e-05 0.000235558 -0.000235558 -7.60555e-05 2.81334e-05 7.62939e-05 -7.62939e-05 -2.83718e-05 1.0252e-05 2.8491e-05 -2.83718e-05 -1.0252e-05 3.57628e-06 1.07288e-05 -1.06096e-05 -3.57628e-06 1.19209e-06 4.17233e-06 -4.17233e-06 -1.19209e-06 2.38419e-07 1.78814e-06 -1.78814e-06 -1.19209e-07 -0.310341 0.107844 -0.312718 0.108138 -0.969765 0.969765 -0.969765 0.969765 -0.967985 0.969766 -0.969765 0.932871 -0.540312 0.699651 -0.485123 0.540032 -0.00188887 0.00433505 -0.00397122 0.00176716 0.000350833 0.00100148 -0.00100553 -0.000376225 0.000125527 0.000376225 -0.000379086 -0.000125527 -0.953767 0.967589 -0.95628 0.969765 -0.930463 0.738996 -0.930121 0.739811 -0.695565 0.559493 -0.295342 0.311341 -0.00679481 0.00609565 -0.00658977 0.00869036 -0.00440359 0.00729096 -0.010668 0.0150394 -0.00702703 0.00834131 -0.00987184 0.0106786 -0.340077 0.313364 -0.230019 0.228221 -0.372233 0.407785 -0.303408 0.354417 -0.289221 0.337779 -0.323563 0.305704 -0.0437276 0.0417222 -0.0404377 0.0380664 -0.00159883 0.00335062 -0.00230002 0.000521898 -0.000710845 0.00145006 -0.00118649 0.000552416 -0.000959873 0.00152159 -0.000838876 0.000617623 -0.33472 0.339918 -0.22314 0.223498 -0.116604 0.0912901 -0.0607117 0.0724266 -0.0326676 0.0490301 -0.0110338 0.0148242 -0.00379753 0.00295401 -0.000999689 0.00125647 -0.00221097 0.00249004 -0.00162041 0.00150359 -0.912042 0.840445 -0.969765 0.842949 -0.969765 0.969765 -0.969765 0.969765 -0.969765 0.969765 -0.969765 0.905867 -0.541208 0.624192 -0.487055 0.36172 -0.000401378 0.00399292 -0.00380564 0.00108039 0.000178456 0.00137365 -0.00110161 -0.000204086 -9.53674e-07 0.000533819 -0.000573397 1.96695e-05 -2.02656e-05 0.00020206 -0.00020957 9.31025e-05 -8.01086e-05 0.00012815 -0.000188828 9.81092e-05 -0.000111461 0.000158072 -0.000151992 0.000157475 -6.67572e-05 9.64403e-05 -0.000147223 8.15392e-05 -6.11544e-05 4.74453e-05 -8.78572e-05 9.33409e-05 -2.76566e-05 3.68357e-05 -5.20945e-05 6.25849e-05 -1.94311e-05 2.95639e-05 -4.18425e-05 3.80278e-05 -0.381302 0.365118 -0.445219 0.436972 -0.163945 0.216662 -0.207992 0.224714 -0.0140653 0.0205758 -0.021198 0.0196528 0.000595808 0.00169826 -0.00165999 -0.000596046 0.000211835 0.000603795 -0.00061357 -0.000234604 -0.912671 0.948057 -0.969765 0.969765 -0.969765 0.969765 -0.969765 0.94731 -0.928234 0.809554 -0.926668 0.899268 -0.389889 0.335759 -0.286422 0.348514 -9.53674e-07 6.67572e-06 -7.62939e-06 2.5034e-06 -2.14577e-06 4.64916e-06 -4.05312e-06 2.26498e-06 -2.02656e-06 2.6226e-06 -2.86102e-06 2.38419e-06 -0.158146 0.158464 -0.118135 0.168304 -0.335629 0.390389 -0.395159 0.442926 -0.0761498 0.0716796 -0.0682625 0.0887712 -0.00189328 0.00434577 -0.00398231 0.00177145 0.000350833 0.00100183 -0.00100636 -0.000375867 0.000125527 0.000376463 -0.000378728 -0.000125885 -0.953767 0.967589 -0.956281 0.969765 -0.930463 0.738995 -0.930121 0.739811 -0.695565 0.559493 -0.295342 0.31134 -0.00679481 0.00609565 -0.00658989 0.00868988 -0.00440359 0.00729084 -0.0106682 0.0150391 -0.00702715 0.00834107 -0.00987172 0.0106788 -0.340116 0.317605 -0.234294 0.228312 -0.376401 0.408349 -0.304128 0.35403 -0.297181 0.33396 -0.32266 0.306054 -0.0433024 0.0412309 -0.0407869 0.0383087 -0.00161123 0.00331843 -0.00230801 0.000524879 -0.000716686 0.00146055 -0.00118983 0.00054729 -0.953667 0.966956 -0.955484 0.969765 -0.969765 0.969765 -0.969765 0.969765 -0.969765 0.969765 -0.969765 0.912785 -0.844823 0.799814 -0.542088 0.930451 -0.119507 0.33922 -0.289114 0.294694 -0.00346792 0.00399518 -0.00528336 0.0061115 -0.00878143 0.0100456 -0.0102022 0.0110132 -0.159282 0.158154 -0.11722 0.169465 -0.374763 0.377224 -0.424663 0.489543 -0.0738472 0.0954782 -0.0651718 0.0859751 -0.00137186 0.00498354 -0.00427353 0.00220323 0.000165939 0.00137448 -0.00110018 -0.000215411 -7.15256e-07 0.000529051 -0.000571012 2.34842e-05 -0.969765 0.969765 -0.969765 0.969765 -0.931676 0.963146 -0.969765 0.899233 -0.831426 0.658294 -0.458517 0.521944 -0.0435203 0.000219345 -0.000148416 0.0680395 -6.13928e-05 4.76837e-05 -8.79765e-05 9.44138e-05 -2.82526e-05 3.69549e-05 -5.30481e-05 6.38962e-05 -2.0504e-05 2.93255e-05 -4.18425e-05 3.77893e-05 -0.375985 0.377129 -0.426132 0.488774 -0.217777 0.230462 -0.275055 0.220212 -0.0194224 0.0236583 -0.0212847 0.0170465 0.000596762 0.00178707 -0.00174117 -0.000595808 0.000211596 0.000604868 -0.000612855 -0.000235438 7.49826e-05 0.000245094 -0.000234962 -7.60555e-05 2.59876e-05 7.9155e-05 -7.86781e-05 -2.51532e-05 7.86781e-06 2.95639e-05 -3.19481e-05 -8.9407e-06 1.66893e-06 1.3113e-05 -1.29938e-05 -1.19209e-06 -1.07288e-06 6.55651e-06 -7.51019e-06 2.26498e-06 -2.14577e-06 4.64916e-06 -3.93391e-06 2.38419e-06 -0.31034 0.107844 -0.312717 0.108139 -0.969765 0.969765 -0.969766 0.969765 -0.967985 0.969765 -0.969765 0.93287 -0.540312 0.699651 -0.485124 0.540032 -0.00188899 0.00433445 -0.00397205 0.00176668 0.000351071 0.00100136 -0.00100613 -0.000376225 0.000125647 0.000376105 -0.000378728 -0.000125766 -0.953767 0.967589 -0.95628 0.969765 -0.930463 0.738996 -0.930121 0.739811 -0.695565 0.559493 -0.295342 0.31134 -0.00679493 0.00609565 -0.00659001 0.00869024 -0.00440359 0.00729096 -0.010668 0.0150392 -0.00702727 0.00834119 -0.00987196 0.0106788 -0.340116 0.317605 -0.234294 0.228298 -0.376395 0.408331 -0.304173 0.354051 -0.298219 0.333085 -0.32209 0.305786 -0.0423759 0.0403153 -0.0404911 0.0380697 -0.00161421 0.00331783 -0.0023042 0.00051713 -0.000713468 0.00145066 -0.00118852 0.000538707 -0.00097239 0.00149953 -0.000846744 0.000608444 -0.334783 0.339967 -0.223165 0.2235 -0.115769 0.0907567 -0.0601722 0.072639 -0.0329065 0.0470457 -0.011292 0.014127 -0.00371897 0.00282979 -0.00102293 0.00128794 -0.00219738 0.00248122 -0.00161386 0.00150526 -0.309918 0.107538 -0.312698 0.107852 -0.969765 0.969765 -0.969765 0.969765 -0.966823 0.969765 -0.959248 0.939575 -0.533655 0.684358 -0.470875 0.536824 -0.000420213 0.00398219 -0.00381172 0.00107265 0.000167012 0.00136817 -0.00109887 -0.000212789 3.21865e-06 0.000530362 -0.000573993 2.16961e-05 -2.19345e-05 0.000199199 -0.000213504 9.09567e-05 -7.31945e-05 0.000120997 -0.000186443 9.67979e-05 -0.000112057 0.000157952 -0.000151634 0.000160336 -6.40154e-05 9.26256e-05 -0.000149965 8.01086e-05 -5.94854e-05 4.70877e-05 -8.64267e-05 9.42945e-05 -2.52724e-05 3.45707e-05 -5.22137e-05 6.31809e-05 -1.95503e-05 2.82526e-05 -4.18425e-05 3.83854e-05 -0.399789 0.408107 -0.448525 0.576876 -0.178979 0.175429 -0.223412 0.233401 -0.012683 0.0206437 -0.0188037 0.0152671 0.000595927 0.00169432 -0.00166094 -0.000595808 0.000212431 0.000603676 -0.000613093 -0.000235081 -0.912671 0.948057 -0.969765 0.969765 -0.969765 0.969765 -0.969765 0.94731 -0.928059 0.809554 -0.926629 0.899268 -0.389889 0.335759 -0.286422 0.348514 -1.19209e-06 6.4373e-06 -7.7486e-06 2.14577e-06 -2.14577e-06 4.88758e-06 -3.93391e-06 2.5034e-06 -2.02656e-06 2.5034e-06 -2.98023e-06 2.6226e-06 -0.158146 0.158464 -0.118135 0.168304 -0.375993 0.377123 -0.426136 0.488777 -0.0734588 0.0954057 -0.0652744 0.0862011 -0.00158167 0.00471807 -0.00412333 0.00236177 0.000350952 0.000998974 -0.00100636 -0.000375986 0.000125527 0.000375986 -0.000378966 -0.000125766 -0.953767 0.967589 -0.956281 0.969765 -0.930463 0.738996 -0.930121 0.739811 -0.695564 0.559493 -0.295342 0.311341 -0.00679481 0.00609565 -0.00658977 0.00869012 -0.00440371 0.00729084 -0.010668 0.0150393 -0.00702727 0.00834119 -0.00987184 0.0106786 -0.340116 0.317605 -0.234293 0.228298 -0.376436 0.408281 -0.303757 0.354426 -0.293855 0.335348 -0.323043 0.304966 -0.0428289 0.0406535 -0.040796 0.0382404 -0.00160658 0.00333488 -0.00231707 0.000515699 -0.000706315 0.00145006 -0.00118792 0.000538349 -0.000973463 0.0015322 -0.000850677 0.000617146 -0.00190151 0.00156975 -0.000672936 0.000545502 -0.000842929 0.000949502 -0.000497699 0.000448227 -0.000708222 0.000612378 -0.000320077 0.000301123 -0.000538111 0.00053823 -0.000282764 0.000261784 -0.000291467 0.000284791 -0.000248313 0.000187397 -0.912827 0.841287 -0.969765 0.843542 -0.969766 0.969766 -0.969766 0.969765 -0.931708 0.963113 -0.926736 0.899292 -0.525017 0.619713 -0.458395 0.348511 -6.22272e-05 8.54731e-05 -9.01222e-05 8.88109e-05 -4.56572e-05 3.45707e-05 -7.76052e-05 6.36578e-05 -2.75373e-05 2.37226e-05 -4.81606e-05 3.99351e-05 -0.969765 0.969765 -0.969765 0.969765 -0.931705 0.963121 -0.969765 0.89929 -0.831415 0.658258 -0.458413 0.522002 -0.0435666 0.000224233 -1.64509e-05 0.0680344 -1.90735e-05 1.81198e-05 -1.03712e-05 1.0848e-05 -1.94311e-05 1.89543e-05 -7.39098e-06 5.96046e-06 -1.54972e-05 1.56164e-05 -5.36442e-06 6.19888e-06 -0.335626 0.390391 -0.39516 0.442924 -0.246543 0.214288 -0.294697 0.265334 -0.0185571 0.022207 -0.0207205 0.0193479 0.000595689 0.00179493 -0.00174916 -0.000594974 0.00022912 0.000603557 -0.000607133 -0.000235319 7.58171e-05 0.000234842 -0.000237226 -7.48634e-05 2.8491e-05 7.58171e-05 -7.59363e-05 -2.75373e-05 9.89437e-06 2.8491e-05 -2.90871e-05 -1.00136e-05 3.21865e-06 1.09673e-05 -1.14441e-05 -2.74181e-06 1.07288e-06 4.76837e-06 -4.88758e-06 -5.96046e-07 0 1.90735e-06 -2.5034e-06 0 -0.310341 0.107845 -0.312718 0.108138 -0.969765 0.969765 -0.969765 0.969765 -0.969765 0.969765 -0.96362 0.911581 -0.540078 0.733495 -0.489318 0.548069 -0.00157869 0.00470829 -0.00411284 0.00235701 0.000350952 0.000999093 -0.00100565 -0.000376344 0.000125527 0.000376105 -0.000378847 -0.000125527 -0.953767 0.967589 -0.95628 0.969765 -0.930463 0.738996 -0.930121 0.739811 -0.695565 0.559493 -0.295342 0.311341 -0.00679457 0.00609577 -0.00658965 0.00869036 -0.00440371 0.00729084 -0.0106682 0.0150392 -0.00702715 0.00834119 -0.00987196 0.0106789 -0.340116 0.317605 -0.234291 0.228299 -0.376397 0.408316 -0.304168 0.35386 -0.294935 0.335332 -0.322844 0.306236 -0.0428888 0.0407041 -0.0403954 0.0379906 -0.00161195 0.00331593 -0.00230753 0.00052166 -0.00074625 0.00146568 -0.00118804 0.000543475 -0.000982285 0.001531 -0.000838518 0.000612497 -0.334805 0.339908 -0.223177 0.223516 -0.116758 0.0917556 -0.060975 0.0721532 -0.0329705 0.0479501 -0.0110015 0.0143526 -0.00370264 0.00282347 -0.00103593 0.00127375 -0.00219083 0.00249147 -0.0016222 0.0014993 -0.912008 0.840436 -0.969765 0.842947 -0.969765 0.969765 -0.969765 0.969765 -0.969765 0.969765 -0.969765 0.905852 -0.541194 0.624145 -0.487059 0.361725 -0.0004282 0.00398707 -0.00381017 0.00107586 0.000170827 0.00135124 -0.00109696 -0.000212193 2.5034e-06 0.000528574 -0.000574708 2.40803e-05 -1.62125e-05 0.000190973 -0.000207901 8.82149e-05 -7.62939e-05 0.000126958 -0.000187755 9.78708e-05 -0.000111818 0.000157118 -0.000152707 0.000160456 -6.46114e-05 9.35793e-05 -0.000146151 8.18968e-05 -5.99623e-05 4.68493e-05 -8.63075e-05 9.15527e-05 -2.58684e-05 3.57628e-05 -5.126e-05 6.18696e-05 -1.96695e-05 2.90871e-05 -4.14848e-05 3.57628e-05 -0.381301 0.365119 -0.445218 0.436972 -0.163944 0.216661 -0.207992 0.224714 -0.0140657 0.0205752 -0.0211974 0.0196537 0.000595808 0.00169802 -0.00165999 -0.000595808 0.000211596 0.000603557 -0.00061357 -0.000234604 -0.912671 0.948057 -0.969765 0.969765 -0.969766 0.969765 -0.969766 0.94731 -0.928235 0.809554 -0.926669 0.899268 -0.389889 0.335759 -0.286423 0.348514 -8.34465e-07 6.55651e-06 -7.39098e-06 2.5034e-06 -2.14577e-06 4.64916e-06 -4.05312e-06 2.38419e-06 -1.90735e-06 2.5034e-06 -2.86102e-06 2.5034e-06 -0.158146 0.158464 -0.118135 0.168304 -0.375993 0.377123 -0.426136 0.488777 -0.0734591 0.0954055 -0.0652741 0.0862011 -0.00158179 0.00471866 -0.00412297 0.00236142 0.000350714 0.000999212 -0.00100648 -0.000375986 0.000125527 0.000375867 -0.000378728 -0.000125647 -0.953767 0.967589 -0.95628 0.969765 -0.930463 0.738996 -0.93012 0.739811 -0.695564 0.559493 -0.295342 0.31134 -0.00679493 0.00609577 -0.00659001 0.00869036 -0.00440371 0.00729084 -0.0106684 0.0150392 -0.00702691 0.00834131 -0.00987196 0.0106789 -0.340116 0.317605 -0.234295 0.228308 -0.376331 0.40834 -0.304265 0.353906 -0.292186 0.336288 -0.323005 0.305074 -0.043223 0.0410919 -0.0406631 0.0382032 -0.00161004 0.00334632 -0.00230443 0.00052321 -0.000725508 0.00146401 -0.00117767 0.000541687 -0.953649 0.966936 -0.955474 0.969765 -0.969765 0.969765 -0.969765 0.969765 -0.969765 0.969765 -0.969766 0.912706 -0.844795 0.799115 -0.541941 0.930298 -0.119471 0.339281 -0.289098 0.294088 -0.00347388 0.00400519 -0.00527835 0.00611627 -0.00877917 0.0100527 -0.0101913 0.0110197 -0.159262 0.158172 -0.117234 0.169446 -0.374746 0.377224 -0.424647 0.489547 -0.0738671 0.0954922 -0.0651709 0.0859803 -0.00138855 0.00501239 -0.00426555 0.00221205 0.000168562 0.00138211 -0.0010972 -0.000213981 2.26498e-06 0.000524521 -0.000573874 2.71797e-05 -0.969765 0.969765 -0.969765 0.969765 -0.931677 0.963145 -0.969765 0.899236 -0.831154 0.658295 -0.458521 0.521949 -0.0435162 0.000222325 -0.000151992 0.0680349 -6.09159e-05 4.72069e-05 -8.86917e-05 9.53674e-05 -2.80142e-05 3.67165e-05 -5.28097e-05 6.4373e-05 -1.96695e-05 2.82526e-05 -4.12464e-05 3.69549e-05 -0.335624 0.390388 -0.395156 0.442938 -0.24656 0.214281 -0.294683 0.265343 -0.0185649 0.022215 -0.0207204 0.0193485 0.000596762 0.00178874 -0.00174272 -0.000595927 0.000210881 0.00060451 -0.000613213 -0.000234962 7.53403e-05 0.000245333 -0.0002352 -7.62939e-05 2.63453e-05 7.89165e-05 -7.86781e-05 -2.5034e-05 7.98702e-06 2.99215e-05 -3.18289e-05 -8.70228e-06 1.54972e-06 1.29938e-05 -1.3113e-05 -1.3113e-06 -9.53674e-07 6.55651e-06 -7.51019e-06 2.38419e-06 -2.38419e-06 4.88758e-06 -3.8147e-06 2.5034e-06 -0.310341 0.107844 -0.312717 0.108139 -0.969765 0.969766 -0.969766 0.969765 -0.969765 0.969765 -0.964236 0.912462 -0.540641 0.732979 -0.489413 0.547127 -0.00157833 0.00470769 -0.00411367 0.00235593 0.000350833 0.000999212 -0.0010066 -0.000376105 0.000125647 0.000376105 -0.000378847 -0.000125766 -0.953767 0.967589 -0.95628 0.969765 -0.930463 0.738996 -0.93012 0.739811 -0.695564 0.559493 -0.295342 0.31134 -0.00679493 0.00609565 -0.00658977 0.00869 -0.00440383 0.00729072 -0.010668 0.0150393 -0.00702727 0.00834131 -0.00987196 0.0106789 -0.340115 0.317604 -0.234294 0.2283 -0.376433 0.40826 -0.304382 0.35362 -0.295941 0.334605 -0.322213 0.306404 -0.0427374 0.0405949 -0.0404521 0.0380726 -0.00160956 0.00332737 -0.0023042 0.000517488 -0.000727296 0.00145924 -0.00117993 0.000543118 -0.00097239 0.0014987 -0.000846863 0.000615835 -0.334771 0.339909 -0.223167 0.223482 -0.116457 0.0913541 -0.0610164 0.0724391 -0.0325432 0.0488642 -0.0108818 0.0146414 -0.00370359 0.00283265 -0.00101495 0.00128174 -0.00220251 0.00249612 -0.00162041 0.00150204 -0.00121689 0.00138652 -0.000726342 0.000797749 -0.969765 0.965781 -0.969766 0.969765 -0.942676 0.969765 -0.969765 0.897623 -0.840507 0.674351 -0.469866 0.524069 -0.116695 0.00230718 -0.0102195 0.116971 0.000161171 0.00135863 -0.00109816 -0.000211835 1.3113e-06 0.000536084 -0.000572801 2.59876e-05 -1.60933e-05 0.000201464 -0.000207543 8.84533e-05 -7.52211e-05 0.000123501 -0.000185609 0.000100017 -0.000115991 0.000158906 -0.000155568 0.000159025 -6.3777e-05 9.4533e-05 -0.000149488 8.03471e-05 -5.93662e-05 4.87566e-05 -8.70228e-05 9.41753e-05 -2.6226e-05 3.51667e-05 -5.34058e-05 6.35386e-05 -1.96695e-05 2.86102e-05 -4.20809e-05 3.83854e-05 -0.381301 0.365117 -0.445219 0.436972 -0.163947 0.216665 -0.207992 0.224714 -0.0140649 0.0205771 -0.0211979 0.0196526 0.00059545 0.00169945 -0.00165975 -0.000596523 0.000211239 0.000603557 -0.000613689 -0.000235081 -0.912671 0.948057 -0.969765 0.969765 -0.969765 0.969765 -0.969766 0.94731 -0.928235 0.809554 -0.926669 0.899268 -0.389889 0.335759 -0.286423 0.348514 -1.07288e-06 6.55651e-06 -7.39098e-06 2.38419e-06 -2.26498e-06 4.76837e-06 -4.17233e-06 2.5034e-06 -1.90735e-06 2.6226e-06 -2.86102e-06 2.6226e-06 -0.158146 0.158464 -0.118135 0.168304 -0.375993 0.377123 -0.426136 0.488777 -0.0734593 0.0954056 -0.0652741 0.0862013 -0.00158215 0.0047183 -0.00412297 0.0023613 0.000350714 0.000998735 -0.00100255 -0.000375986 0.000125527 0.000375867 -0.000378728 -0.000125766 -0.953767 0.967589 -0.95628 0.969765 -0.930463 0.738996 -0.930121 0.739811 -0.695564 0.559493 -0.295342 0.311341 -0.00679493 0.00609553 -0.00658989 0.00869036 -0.00440395 0.00729072 -0.010668 0.0150393 -0.00702715 0.00834119 -0.00987184 0.0106788 -0.0329491 0.0234218 -0.0425402 0.0395677 -0.0333588 0.0259911 -0.00336802 0.00400639 -0.0025897 0.00323892 -0.00206161 0.0017395 -0.000116944 0.000125527 -6.54459e-05 0.00012362 -3.57628e-07 3.57628e-07 -3.57628e-07 3.57628e-07 -3.57628e-07 3.57628e-07 -3.57628e-07 4.76837e-07 -3.57628e-07 3.57628e-07 -3.57628e-07 3.57628e-07 -3.57628e-07 3.57628e-07 -3.57628e-07 3.57628e-07 -3.57628e-07 3.57628e-07 -3.57628e-07 3.57628e-07 -3.57628e-07 4.76837e-07 -3.57628e-07 3.57628e-07 -3.57628e-07 3.57628e-07 -3.57628e-07 3.57628e-07 -3.57628e-07 3.57628e-07 -4.76837e-07 3.57628e-07 -3.57628e-07 3.57628e-07 -3.57628e-07 3.57628e-07 -3.57628e-07 3.57628e-07 -4.76837e-07 3.57628e-07 -3.57628e-07 3.57628e-07 -3.57628e-07 4.76837e-07 -3.57628e-07 3.57628e-07 -3.57628e-07 3.57628e-07 -3.57628e-07 3.57628e-07 -3.57628e-07 3.57628e-07 -3.57628e-07 3.57628e-07 -3.57628e-07 4.76837e-07 -3.57628e-07 3.57628e-07 -4.76837e-07 4.76837e-07;
1800 1-grid-position 0.104687;
1800 2-grid-position 0.104687;
1820 1-grid-position 0.106083;
1820 2-grid-position 0.106083;
1820.45 ppq 49;
1840 1-grid-position 0.107479;
1840 2-grid-position 0.107479;
1854.55 ppq 50;
1860 1-grid-position 0.108875;
1860 2-grid-position 0.108875;
1880 1-grid-position 0.110271;
1880 2-grid-position 0.110271;
1888.64 ppq 51;
1900 1-grid-position 0.111667;
1900 2-grid-position 0.111667;
1920 1-grid-position 0.113062;
1920 2-grid-position 0.113062;
1922.73 ppq 52;
1940 1-grid-position 0.114458;
1940 2-grid-position 0.114458;
1956.82 ppq 53;
1960 1-grid-position 0.115854;
1960 2-grid-position 0.115854;
1980 1-grid-position 0.11725;
1980 2-grid-position 0.11725;
1990.91 ppq 54;
2000 l_b_buffer_states 3 48 0 0 0 0;
2000 live_buffer_3-view-info info live 3 0 48000 0 0 Live\ 3 Empty;
2000 live_buffer_3-view-info info live 3 0 48000 0 0 Live\ 3 Recording;
2000 l_b_buffer_states 3 48 0 0 0 0;
2000 live_buffer_3-view-info info live 3 0 48000 0 0 Live\ 3 Recording;
2000 l_b_storage_events 3 ready 144000;
2000 1-grid-position 0.118646;
2000 2-grid-position 0.118646;
2020 1-grid-position 0.120042;
2020 2-grid-position 0.120042;
2025 ppq 55;
2040 1-grid-position 0.121437;
2040 2-grid-position 0.121437;
2059.09 ppq 56;
2060 1-grid-position 0.122833;
2060 2-grid-position 0.122833;
2080 1-grid-position 0.124229;
2080 2-grid-position 0.124229;
2093.18 ppq 57;
2100 1-grid-position 0.125625;
2100 2-grid-position 0.125625;
2120 1-grid-position 0.127021;
2120 2-grid-position 0.127021;
2127.27 ppq 58;
2140 1-grid-position 0.128417;
2140 2-grid-position 0.128417;
2160 1-grid-position 0.129812;
2160 2-grid-position 0.129812;
2161.36 ppq 59;
2180 1-grid-position 0.131208;
2180 2-grid-position 0.131208;
2195.45 ppq 60;
2200 1-grid-position 0.132604;
2200 2-grid-position 0.132604;
2220 1-grid-position 0.134;
2220 2-grid-position 0.134;
2229.55 ppq 61;
2240 1-grid-position 0.135396;
2240 2-grid-position 0.135396;
2260 1-grid-position 0.136792;
2260 2-grid-position 0.136792;
2263.64 ppq 62;
2280 1-grid-position 0.138187;
2280 2-grid-position 0.138187;
2297.73 ppq 63;
2300 1-grid-position 0.139583;
2300 2-grid-position 0.139583;
2320 1-grid-position 0.140979;
2320 2-grid-position 0.140979;
2331.82 ppq 64;
2340 1-grid-position 0.142375;
2340 2-grid-position 0.142375;
2360 1-grid-position 0.143771;
2360 2-grid-position 0.143771;
2365.91 ppq 65;
2380 1-grid-position 0.145167;
2380 2-grid-position 0.145167;
2400 ppq 66;
2400 1-grid-position 0.146562;
2400 2-grid-position 0.146562;
2420 1-grid-position 0.147958;
2420 2-grid-position 0.147958;
2434.09 ppq 67;
2440 1-grid-position 0.149354;
2440 2-grid-position 0.149354;
2460 1-grid-position 0.15075;
2460 2-grid-position 0.15075;
2468.18 ppq 68;
2480 1-grid-position 0.152146;
2480 2-grid-position 0.152146;
2500 mlr-save-status label Stop\ all\ players\ before\ saving;
2500 1-grid-position 0.153542;
2500 2-grid-position 0.153542;
2502.27 ppq 69;
2520 1-grid-position 0.154937;
2520 2-grid-position 0.154937;
2536.36 ppq 70;
2540 1-grid-position 0.156333;
2540 2-grid-position 0.156333;
2560 1-grid-position 0.157729;
2560 2-grid-position 0.157729;
2570.45 ppq 71;
2580 1-grid-position 0.159125;
2580 2-grid-position 0.159125;
2600 1-grid-position 0.160521;
2600 2-grid-position 0.160521;
2604.55 ppq 72;
2620 1-grid-position 0.161917;
2620 2-grid-position 0.161917;
2638.64 ppq 73;
2640 1-grid-position 0.163312;
2640 2-grid-position 0.163312;
2660 1-grid-position 0.164708;
2660 2-grid-position 0.164708;
2672.73 ppq 74;
2680 1-grid-position 0.166104;
2680 2-grid-position 0.166104;
2700 1-grid-position 0.1675;
2700 2-grid-position 0.1675;
2706.82 ppq 75;
2720 1-grid-position 0.168896;
2720 2-grid-position 0.168896;
2740 1-grid-position 0.170292;
2740 2-grid-position 0.170292;
2740.91 ppq 76;
2760 1-grid-position 0.171687;
2760 2-grid-position 0.171687;
2775 ppq 77;
2780 1-grid-position 0.173083;
2780 2-grid-position 0.173083;
2800 1-grid-position 0.174479;
2800 2-grid-position 0.174479;
2809.09 ppq 78;
2820 1-grid-position 0.175875;
2820 2-grid-position 0.175875;
2840 1-grid-position 0.177271;
2840 2-grid-position 0.177271;
2843.18 ppq 79;
2860 1-grid-position 0.178667;
2860 2-grid-position 0.178667;
2877.27 ppq 80;
2880 1-grid-position 0.180062;
2880 2-grid-position 0.180062;
2900 1-grid-position 0.181458;
2900 2-grid-position 0.181458;
2911.36 ppq 81;
2920 1-grid-position 0.182854;
2920 2-grid-position 0.182854;
2940 1-grid-position 0.18425;
2940 2-grid-position 0.18425;
2945.45 ppq 82;
2960 1-grid-position 0.185646;
2960 2-grid-position 0.185646;
2979.55 ppq 83;
2980 1-grid-position 0.187042;
2980 2-grid-position 0.187042;
3000 1-grid-position 0.188437;
3000 2-grid-position 0.188437;
3013.64 ppq 84;
3020 1-grid-position 0.189833;
3020 2-grid-position 0.189833;
3040 1-grid-position 0.191229;
3040 2-grid-position 0.191229;
3047.73 ppq 85;
3060 1-grid-position 0.192625;
3060 2-grid-position 0.192625;
3080 1-grid-position 0.194021;
3080 2-grid-position 0.194021;
3081.82 ppq 86;
3100 1-grid-position 0.195417;
3100 2-grid-position 0.195417;
3115.91 ppq 87;
3120 1-grid-position 0.196812;
3120 2-grid-position 0.196812;
3140 1-grid-position 0.198208;
3140 2-grid-position 0.198208;
3150 ppq 88;
3160 1-grid-position 0.199604;
3160 2-grid-position 0.199604;
3180 1-grid-position 0.201;
3180 2-grid-position 0.201;
3184.09 ppq 89;
3200 1-grid-position 0.202396;
3200 2-grid-position 0.202396;
3218.18 ppq 90;
3220 1-grid-position 0.203792;
3220 2-grid-position 0.203792;
3240 1-grid-position 0.205187;
3240 2-grid-position 0.205187;
3252.27 ppq 91;
3260 1-grid-position 0.206583;
3260 2-grid-position 0.206583;
3280 1-grid-position 0.207979;
3280 2-grid-position 0.207979;
3286.36 ppq 92;
3300 1-grid-position 0.209375;
3300 2-grid-position 0.209375;
3303 l_b_buffer_states 3 48 0 62400 3900 1;
3303 live_buffer_3-view-info info live 3 1 48000 0 62400 Live\ 3 Recording;
3303 live_buffer_3-view-info info live 3 1 48000 0 62400 Live\ 3 Unsaved;
3303 l_b_buffer_states 3 48 0 62400 3900 1;
3303 live_buffer_3-view-info info live 3 1 48000 0 62400 Live\ 3 Unsaved;
3320 1-grid-position 0.210771;
3320 2-grid-position 0.210771;
3320.45 ppq 93;
3340 1-grid-position 0.212167;
3340 2-grid-position 0.212167;
3354.55 ppq 94;
3360 1-grid-position 0.213562;
3360 2-grid-position 0.213562;
3380 1-grid-position 0.214958;
3380 2-grid-position 0.214958;
3388.64 ppq 95;
3400 1-grid-position 0.216354;
3400 2-grid-position 0.216354;
3420 1-grid-position 0.21775;
3420 2-grid-position 0.21775;
3422.73 ppq 96;
3440 1-grid-position 0.219146;
3440 2-grid-position 0.219146;
3456.82 ppq 97;
3460 1-grid-position 0.220542;
3460 2-grid-position 0.220542;
3480 1-grid-position 0.221937;
3480 2-grid-position 0.221937;
3490.91 ppq 98;
3500 1-ui-transport label Switching\ buffer;
3500 1-grid-paused 1;
3500 1-ui-transport label Switching\ buffer;
3500 1-grid-position 0.223333;
3500 2-grid-position 0.223333;
3520 1-grid-paused 0;
3520 1-ui-transport label Switching\ buffer;
3520 1-grid-playing 0;
3520 1-ui-transport label Switching\ buffer;
3520 1-grid-position 0;
3520 1-ui-transport label Switching\ buffer;
3520 1-ui-slot set 2;
3520 s_b_buffer_states 2 1 48 300 0 4800;
3520 sample_buffer_2-view-info info sample 2 1 48000 0 4800 short\ stereo.wav Loaded;
3520 1-ui-transport label Switching\ buffer;
3520 1-ui-transport label Stopped;
3520 1-grid-playing 1;
3520 1-ui-transport label Playing;
3520 1-grid-position 29.5837;
3520 1-grid-paused 0;
3520 1-ui-transport label Playing;
3520 2-grid-position 0.224729;
3525 ppq 99;
3540 1-grid-position 0.2;
3540 2-grid-position 0.226125;
3559.09 ppq 100;
3560 1-grid-position 0.4;
3560 2-grid-position 0.227521;
3580 1-grid-position 0.6;
3580 2-grid-position 0.228916;
3593.18 ppq 101;
3600 1-grid-position 0.8;
3600 2-grid-position 0.230312;
3620 1-grid-position 1;
3620 2-grid-position 0.231708;
3627.27 ppq 102;
3640 1-grid-position 1;
3640 2-grid-position 0.233104;
3660 1-grid-position 1;
3660 2-grid-position 0.2345;
3661.36 ppq 103;
3680 1-grid-position 1;
3680 2-grid-position 0.235896;
3695.45 ppq 104;
3700 1-grid-position 1;
3700 2-grid-position 0.237291;
3720 1-grid-position 1;
3720 2-grid-position 0.238687;
3729.55 ppq 105;
3740 1-grid-position 1;
3740 2-grid-position 0.240083;
3760 1-grid-position 1;
3760 2-grid-position 0.241479;
3763.64 ppq 106;
3780 1-grid-position 1;
3780 2-grid-position 0.242875;
3797.73 ppq 107;
3800 1-grid-position 1;
3800 2-grid-position 0.244271;
3820 1-grid-position 1;
3820 2-grid-position 0.245666;
3831.82 ppq 108;
3840 1-grid-position 1;
3840 2-grid-position 0.247062;
3860 1-grid-position 1;
3860 2-grid-position 0.248458;
3865.91 ppq 109;
3880 1-grid-position 1;
3880 2-grid-position 0.249854;
3900 ppq 110;
3900 1-grid-position 1;
3900 2-grid-position 0.25125;
3920 1-grid-position 1;
3920 2-grid-position 0.252646;
3934.09 ppq 111;
3940 1-grid-position 1;
3940 2-grid-position 0.254041;
3960 1-grid-position 1;
3960 2-grid-position 0.255437;
3968.18 ppq 112;
3980 1-grid-position 1;
3980 2-grid-position 0.256833;
4000 1-grid-position 1;
4000 2-grid-position 0.258229;
4002.27 ppq 113;
4020 1-grid-position 0.8;
4020 2-grid-position 0.259625;
4036.36 ppq 114;
4040 1-grid-position 0.6;
4040 2-grid-position 0.261021;
4060 1-grid-position 0.4;
4060 2-grid-position 0.262416;
4070.45 ppq 115;
4080 1-grid-position 0.2;
4080 2-grid-position 0.263812;
4100 1-grid-position 4.28425e-07;
4100 2-grid-position 0.265208;
4104.55 ppq 116;
4120 1-grid-position 0;
4120 2-grid-position 0.266604;
4138.64 ppq 117;
4140 1-grid-position 0;
4140 2-grid-position 0.268;
4160 1-grid-position 0;
4160 2-grid-position 0.269396;
4172.73 ppq 118;
4180 1-grid-position 0;
4180 2-grid-position 0.270791;
4200 1-grid-position 0;
4200 2-grid-position 0.272187;
4206.82 ppq 119;
4220 1-grid-position 0.61;
4220 2-grid-position 0.273583;
4240 1-grid-position 0.41;
4240 2-grid-position 0.274979;
4240.91 ppq 120;
4260 1-grid-position 0.21;
4260 2-grid-position 0.276375;
4275 ppq 121;
4280 1-grid-position 0.61;
4280 2-grid-position 0.277771;
4300 1-grid-position 0.41;
4300 2-grid-position 0.279166;
4309.09 ppq 122;
4320 1-grid-position 0.21;
4320 2-grid-position 0.280562;
4340 1-grid-position 0.61;
4340 2-grid-position 0.281958;
4343.18 ppq 123;
4360 1-grid-position 0.41;
4360 2-grid-position 0.283354;
4377.27 ppq 124;
4380 1-grid-position 0.21;
4380 2-grid-position 0.28475;
4400 1-grid-position 0.61;
4400 2-grid-position 0.286146;
4411.36 ppq 125;
4420 1-grid-position 0.41;
4420 2-grid-position 0.287541;
4440 1-grid-position 0.21;
4440 2-grid-position 0.288937;
4445.45 ppq 126;
4460 1-grid-position 0.61;
4460 2-grid-position 0.290333;
4479.55 ppq 127;
4480 1-grid-position 0.41;
4480 2-grid-position 0.291729;
4500 waveform-peaks-reply info sample 2 1 48000 0 4800 short\ stereo.wav Loaded;
4500 waveform-peaks-reply peaks sample_buffer_2 0 4800 0 0.0917358 0 0.0865784 0.0993652 0.899963 0.0815125 0.099884 0.172455 0.199707 -0.799988 0.0756226 0.178711 0.199982 -0.0971375 -0.0280457 0.110474 0.174652 -0.099884 -0.0619812 0.0130615 0.103149 -0.0542297 0.0455933 -0.0878296 0.00439453 0.053833 0.099884 -0.165497 -0.09552 0.0374756 0.0990295 -0.199402 -0.170197 -0.0687256 0.0285034 -0.199982 -0.180634 -0.0999146 -0.0753174 -0.176758 -0.114105 -0.0911255 -0.00997925 -0.106903 -0.0174255 -0.000457764 0.0863342 -0.00878906 0.0838623 0.0817871 0.0999146 0.0916443 0.162964 -0.0183411 0.0759277 0.167847 0.199036 -0.0970154 -0.0275879 0.182465 0.199982 -0.0999146 -0.0623474 0.117706 0.178772 -0.0546265 0.045166 0.0218201 0.110596 0.0534363 0.0999146 -0.079834 0.0131836 0.0379028 0.0990906 -0.1604 -0.0877075 -0.0683899 0.0289612 -0.198547 -0.165405 -0.0999146 -0.0750122 -0.199982 -0.184235 -0.0913391 -0.010437 -0.180695 -0.121216 -0.000946045 0.0860901 -0.114227 -0.0261841 0.0820312 0.0999146 -0.0175781 0.0757751 -0.0178833 0.0762329 0.0837402 0.157715 -0.0969238 -0.0271301 0.162903 0.197968 -0.0999451 -0.0627136 0.185913 0.199982 -0.0550232 0.0447693 0.124695 0.182526 0.0530396 0.0999451 0.0305481 0.117798 0.0383606 0.0991516 -0.0716858 0.0219421 -0.0680542 0.0293884 -0.154968 -0.0797119 -0.0999451 -0.074707 -0.197296 -0.160309 -0.0915222 -0.0108948 -0.199982 -0.187469 -0.00140381 0.0858765 -0.184296 -0.128113 0.0823059 0.0999451 -0.121338 -0.0348816 -0.0174255 0.0765381 -0.0263062 0.0675659 -0.0968018 -0.0267029 0.0756531 0.152161 -0.0999451 -0.0630798 0.157654 0.196533 -0.0554199 0.044342 0.188965 0.199982 0.0526428 0.0999451 0.131439 0.185944 0.0387878 0.0992126 0.0391846 0.124786 -0.067688 0.0298462 -0.0634155 0.0306702 -0.0999451 -0.0743713 -0.149261 -0.0715637 -0.0917053 -0.0113831 -0.195679 -0.154907 -0.00189209 0.0856323 -0.199982 -0.190369 0.0825806 0.0999451 -0.187531 -0.134735 -0.0169373 0.0768433 -0.128204 -0.0434875 -0.0966797 -0.0262451 -0.0350037 0.0592346 -0.0999756 -0.063446 0.0674438 0.146301 -0.0558167 0.0439148 0.152069 0.194702 0.0522461 0.0999756 0.19165 0.199982 0.0392151 0.0992737 0.137939 0.188995 -0.0673523 0.030304 0.0477905 0.131561 -0.0999756 -0.0740662 -0.0550232 0.0393372 -0.0918884 -0.0118408 -0.14328 -0.0632935 -0.00234985 0.0853882 -0.193665 -0.14917 0.0828552 0.0999756 -0.199982 -0.192871 -0.0164795 0.0771484 -0.190399 -0.141113 -0.0965576 -0.0257874 -0.134827 -0.0520325 -0.0999756 -0.0638123 -0.0436401 0.0507812 -0.0562134 0.0434875 0.0591125 0.140167 0.0518494 0.0999756 0.14621 0.192535 0.0396423 0.0993347 0.194 0.199982 -0.0669861 0.0307617 0.144196 0.191711 -0.0999756 -0.073761 0.0562744 0.138031 -0.0920715 -0.0122986 -0.0465088 0.0479126 -0.00283813 0.085144 -0.136993 -0.0549011 0.0830994 0.0999756 -0.191284 -0.143188 -0.0160217 0.0774536 -0.199982 -0.193634 -0.0964355 -0.0253296 -0.192902 -0.147186 -0.0999756 -0.0641785 -0.141205 -0.0604858 -0.0566101 0.0430603 -0.0521545 0.0422058 0.0514526 0.0999756 0.0506592 0.133759 0.0401001 0.0993652 0.140076 0.189941 -0.0666504 0.031189 0.192474 0.199982 -0.0999756 -0.0734253 0.150146 0.194031 -0.0922546 -0.0127869 0.0646667 0.144287 -0.0032959 0.0848694 -0.0379028 0.0563965 0.083374 0.0999756 -0.130463 -0.0463867 -0.015564 0.0777588 -0.188538 -0.136902 -0.0963135 -0.0248718 -0.199982 -0.191254 -0.0999756 -0.0645447 -0.195038 -0.153015 -0.0569763 0.0426331 -0.147278 -0.0688171 0.0510254 0.0999756 -0.0606079 0.0335999 0.0405273 0.0994263 0.0420837 0.127106 -0.0662842 0.0316467 0.133667 0.187012 -0.100006 -0.0731201 0.189911 0.199982 -0.0924377 -0.0132446 0.155792 0.195953 -0.00375366 0.0846252 0.0729065 0.150238 0.0836182 0.100006 -0.0292358 0.0647888 -0.0150757 0.0780334 -0.123657 -0.0377808 -0.0961609 -0.0244141 -0.185425 -0.130371 -0.100006 -0.0648804 -0.199982 -0.188477 -0.057373 0.0422058 -0.196808 -0.158508 0.0506287 0.100006 -0.153107 -0.0769958 0.0409546 0.0994873 -0.0689392 0.0248718 -0.0659485 0.0321045 0.0334473 0.120178 -0.100006 -0.0727844 0.126984 0.183716 -0.0926208 -0.0137024 0.186981 0.199982 -0.00424194 0.0843811 0.161163 0.19754 0.0838928 0.100006 0.0810242 0.155884 -0.0146179 0.0783386 -0.0205078 0.0730286 -0.0960388 -0.0239563 -0.116638 -0.0291138 -0.100006 -0.0652466 -0.181946 -0.123566 -0.0577698 0.0417786 -0.199982 -0.185364 0.0502319 0.100006 -0.198181 -0.163727 0.0413818 0.0995178 -0.1586 -0.085022 -0.0655823 0.0325317 -0.0771179 0.0161438 -0.100006 -0.0724487 0.0247498 0.113037 -0.092804 -0.0141907 0.120087 0.180084 -0.00469971 0.084137 0.183655 0.199951 0.084137 0.100006 0.166229 0.19873 -0.0141602 0.0786133 0.0889893 0.161255 -0.0959167 -0.0234985 -0.0117493 0.0811462 -0.100006 -0.0656128 -0.109375 -0.0203857 -0.058136 0.0413513 -0.178101 -0.116547 0.0498047 0.100006 -0.199982 -0.181885 0.0418091 0.0995789 -0.199158 -0.16861 -0.0652161 0.0329895 -0.163818 -0.092926 -0.100006 -0.0721436 -0.085144 0.00735474 -0.0929871 -0.0146484 0.0159912 0.105682 -0.00518799 0.0838623 0.112946 0.176056 0.0843811 0.100006 0.180023 0.199951 -0.0137024 0.0789185 0.170959 0.199524 -0.0957642 -0.0230408 0.0967712 0.16629 -0.100006 -0.0659485 -0.00296021 0.0891113 -0.0585327 0.0409241 -0.101929 -0.0116272 0.049408 0.100006 -0.17395 -0.109283 0.0422363 0.0996094 -0.199982 -0.17804 -0.0648804 0.0334167 -0.199768 -0.173187 -0.100006 -0.0718079 -0.168701 -0.100616 -0.0931396 -0.0151062 -0.0930176 -0.00143433 -0.00564575 0.0836182 0.00723267 0.098114 0.0846558 0.100006 0.10556 0.171722 -0.0132141 0.0791931 0.175995 0.199951 -0.0956421 -0.022583 0.175354 0.199921 -0.100006 -0.0663147 0.10437 0.171021 -0.0588989 0.0404968 0.00582886 0.0968933 0.0490112 0.0999756 -0.0942383 -0.00283813 0.0426636 0.0996399 -0.169434 -0.101807 -0.0645142 0.0338745 -0.199829 -0.173889 -0.0999756 -0.0714722 -0.199982 -0.177429 -0.0933228 -0.015564 -0.173248 -0.108124 -0.00613403 0.0833435 -0.100708 -0.0102234 0.0848999 0.0999756 -0.0015564 0.0903625 -0.0127563 0.0794983 0.0979919 0.167053 -0.0954895 -0.0221252 0.171661 0.199615 -0.0999756 -0.0666809 0.179413 0.199951 -0.0592957 0.0400696 0.111786 0.175415 0.048584 0.0999756 0.0146179 0.104492 0.0430908 0.0997009 -0.0863953 0.00598145 -0.0641479 0.0343018 -0.164612 -0.0941467 -0.0999756 -0.0711365 -0.19928 -0.169373 -0.0934753 -0.0160522 -0.199982 -0.181305 -0.0065918 0.0830994 -0.17749 -0.115417 0.085144 0.0999756 -0.108215 -0.0190125 -0.0122986 0.0797729 -0.010376 0.082428 -0.0953674 -0.0216675 0.0902405 0.162048 -0.0999756 -0.0670166 0.166992 0.198883 -0.0596619 0.0396423 0.183105 0.199951 0.0481873 0.0999756 0.118958 0.179474 0.0435181 0.0997314 0.0233765 0.111908 -0.0637817 0.0347595 -0.0783997 0.01474 -0.0999756 -0.0708313 -0.159454 -0.0863037 -0.0936584 -0.01651 -0.198364 -0.16452 -0.00704956 0.0828247 -0.199982 -0.184845 0.0853882 0.0999756 -0.181366 -0.122467 -0.0118103 0.0800476 -0.115509 -0.0277405 -0.0952148 -0.0212097 -0.0191345 0.0743408 -0.0999756 -0.0673523 0.0823059 0.899963 -0.0600281 0.0391846 0.161987 0.197754 0.04776 0.0999756 0.186462 0.199951 0.0439453 0.099762 0.125916 0.183167 -0.0634155 0.0351868 0.032074 0.11908 -0.0999451 -0.0704956 -0.0702209 0.0234985 -0.093811 -0.0169678 -0.153992 -0.0782776 -0.00753784 0.0825806 -0.197052 -0.159363 0.0856323 0.0999451 -0.199982 -0.188019 -0.0113525 0.0803528 -0.184875 -0.129303 -0.0950623 -0.020752 -0.122589 -0.0364075 -0.0999451 -0.0677185 -0.0278625 0.0661011 -0.0604248 0.0387573 0.0742188 0.151123 0.0473328 0.0999451 0.156677 0.196228 0.044342 0.0997925 0.189484 0.199951 -0.0630493 0.0356445 0.132629 0.186523 -0.0999451 -0.0701599 0.040741 0.126038 -0.0939636 -0.0174255 -0.0619202 0.0322266 -0.00799561 0.0823059 -0.148224 -0.0700989 0.0858765 0.0999451 -0.195343 -0.1539 -0.0108948 0.0806274 -0.199982 -0.190826 -0.0949402 -0.0202637 -0.188049 -0.135895 -0.0999451 -0.0680542 -0.129395 -0.0450439 -0.060791 0.0383301 -0.0365601 0.0577393 0.046936 0.0999451 0.065979 0.145233 0.0447693 0.099823 0.151062 0.194366 -0.0626831 0.0360718 0.192108 0.199951 -0.0999146 -0.0698242 0.139099 0.189514 -0.0941467 -0.0179138 0.0493164 0.132721 -0.00848389 0.0820312 -0.0534973 0.040863 0.0861206 0.0999146 -0.142181 -0.0617981 -0.0104065 0.0809021 -0.193268 -0.148132 -0.0947876 -0.0198059 -0.199982 -0.193268 -0.0999146 -0.0683899 -0.190887 -0.142212 -0.0611572 0.0379028 -0.135986 -0.0535583 0.0465088 0.0999146 -0.045166 0.0492554 0.0451965 0.0998535 0.0576172 0.139038 -0.0623169 0.0365295 0.145142 0.192078 -0.0999146 -0.0694885 0.194305 0.199951 -0.0942993 -0.0183716 0.145264 0.192139 -0.00894165 0.0817566 0.0577698 0.139191 0.0863647 0.0999146 -0.0449829 0.0494385 -0.00994873 0.0811768 -0.135864 -0.0533752 -0.094635 -0.0193481 -0.190826 -0.14209 -0.0999146 -0.0687561 -0.199982 -0.193237 -0.0615234 0.0374451 -0.193329 -0.148254 0.0460815 0.099884 -0.142303 -0.0619812 0.0456238 0.099884 -0.0536804 0.0406799 -0.0619507 0.0369568 0.0491333 0.132599 -0.099884 -0.0691223 0.138947 0.189453 -0.0944519 -0.0188293 0.192047 0.199951 -0.00939941 0.0814819 0.151184 0.194397 0.0865784 0.099884 0.0661316 0.145355 -0.00946045 0.0814514 -0.036377 0.0578918 -0.0944824 -0.0188904 -0.129272 -0.0448608 -0.099884 -0.0690918 -0.187988 -0.135742 -0.0619202 0.0370178 -0.199982 -0.190765 0.0456848 0.099884 -0.195374 -0.154022 0.046051 0.099884 -0.148346 -0.070282 -0.0615845 0.037384 -0.0621033 0.0320435 -0.099884 -0.0687866 0.0405579 0.125885 -0.0946045 -0.0192871 0.132507 0.186462 -0.0098877 0.0812073 0.189423 0.199951 0.0863953 0.0999146 0.156769 0.196259 -0.00900269 0.0817261 0.0743713 0.151245 -0.0943298 -0.0184326 -0.0276794 0.0662537 -0.0999146 -0.0694275 -0.122437 -0.0362549 -0.0622864 0.0365906 -0.184814 -0.129181 0.0452576 0.0998535 -0.199982 -0.187958 0.0464478 0.0999146 -0.197083 -0.159485 -0.0612183 0.0378418 -0.154083 -0.0784302 -0.0999146 -0.0684509 -0.0704041 0.0233154 -0.0947571 -0.0197449 0.0319214 0.118927 -0.0103455 0.0809326 0.125793 0.183105 0.0861511 0.0999146 0.186401 0.199951 -0.00854492 0.0820007 0.162079 0.197784 -0.0941467 -0.0179749 0.0824585 0.15686 -0.0999146 -0.0697632 -0.0189514 0.0744934 -0.0626526 0.0361328 -0.115356 -0.0275574 0.0448303 0.099823 -0.181274 -0.122314 0.046875 0.0999451 -0.199982 -0.184784 -0.0608521 0.038269 -0.198364 -0.164642 -0.0999451 -0.0681152 -0.159546 -0.0864563 -0.0949097 -0.0202026 -0.0785522 0.0145569 -0.0108032 0.080658 0.0231934 0.111755 0.085907 0.0999451 0.118835 0.179382 -0.00805664 0.0822754 0.183044 0.199951 -0.0939941 -0.0174866 0.167084 0.198883 -0.0999451 -0.0700989 0.0903931 0.16217 -0.0630188 0.0357056 -0.0101929 0.0825806 -0.799988 0.0997925 -0.108063 -0.0188293 0.0473022 0.0999451 -0.177399 -0.115265 -0.0604553 0.0386963 -0.199982 -0.181213 -0.0999451 -0.067749 -0.19931 -0.169464 -0.0950623 -0.0206604 -0.164703 -0.0942993 -0.0112915 0.0803833 -0.0865784 0.00579834 0.0856628 0.0999451 0.0144348 0.10434 -0.00759888 0.0825195 0.111633 0.175323 -0.0938416 -0.0170288 0.179321 0.199951 -0.0999451 -0.0704346 0.171753 0.199615 -0.063385 0.0352478 0.0981445 0.167145 0.0440063 0.099762 -0.00137329 0.0905151 0.047699 0.0999756 -0.100555 -0.0100403 -0.0600891 0.0391235 -0.173157 -0.107971 -0.0999756 -0.0674133 -0.199982 -0.177338 -0.0951843 -0.0211487 -0.199829 -0.173981 -0.0117493 0.0801086 -0.169525 -0.101959 0.0854187 0.0999756 -0.0944214 -0.00302124 -0.00714111 0.0827942 0.00564575 0.0967407 -0.093689 -0.016571 0.104218 0.170929 -0.0999756 -0.0707703 0.175262 0.199921 -0.0637512 0.0348206 0.176086 0.199951 0.0435791 0.0997314 0.105713 0.171814 0.0481262 0.0999756 0.00741577 0.0982666 -0.0597229 0.0395813 -0.092865 -0.00125122 -0.0999756 -0.0670776 -0.168579 -0.100464 -0.0953369 -0.0216064 -0.199768 -0.173096 -0.012207 0.0798035 -0.199982 -0.178131 0.0851746 0.0999756 -0.174042 -0.109436 -0.00665283 0.0830688 -0.102081 -0.0118103 -0.0935059 -0.0161133 -0.00314331 0.0889587 -0.0999756 -0.071106 0.0966187 0.166199 -0.0641174 0.0343628 0.170837 0.199493 0.0431519 0.0997009 0.180084 0.199951 0.0485229 0.0999756 0.113098 0.176147 -0.0593262 0.0400085 0.0161743 0.105835 -0.0999756 -0.0667114 -0.0849915 0.00753784 -0.0954895 -0.0220642 -0.163696 -0.0927429 -0.0126953 0.0795288 -0.199158 -0.168518 0.0849304 0.0999756 -0.199982 -0.181976 -0.00619507 0.083313 -0.178192 -0.116669 -0.0933533 -0.0156555 -0.109528 -0.0205688 -0.0999756 -0.0714417 -0.0119324 0.0809937 -0.0644531 0.0339355 0.0888367 0.161133 0.0427246 0.0996704 0.166107 0.1987 0.0489502 0.0999756 0.183746 0.199982 -0.05896 0.0404358 0.120239 0.180145 -0.0999756 -0.0663757 0.0249329 0.11319 -0.0956116 -0.022522 -0.0769348 0.0163269 -0.0131531 0.0792542 -0.158478 -0.0848694 0.0846863 0.100006 -0.198151 -0.163635 -0.00570679 0.0835876 -0.199982 -0.185425 -0.0931702 -0.0151672 -0.182007 -0.123718 -0.100006 -0.0717773 -0.116791 -0.0292969 -0.0648193 0.0334778 -0.0206909 0.072876 0.0422974 0.0996094 0.0808716 0.155762 0.0493469 0.100006 0.161072 0.19751 -0.0585632 0.040863 0.187042 0.199982 -0.100006 -0.0660095 0.127136 0.183807 -0.0957642 -0.0229797 0.0336304 0.120331 -0.0136108 0.078949 -0.0687561 0.0250549 0.0844421 0.100006 -0.152985 -0.0768127 -0.00524902 0.0838318 -0.196777 -0.158417 -0.0929871 -0.0147095 -0.199982 -0.188538 -0.100006 -0.0720825 -0.185486 -0.130493 -0.0651855 0.0330505 -0.12381 -0.0379639 0.0418701 0.0995789 -0.0294189 0.0646057 0.0497742 0.100006 0.0727539 0.150116 -0.058197 0.0412903 0.155701 0.195923 -0.100006 -0.0656433 0.189972 0.199982 -0.0958862 -0.0234375 0.133789 0.187073 -0.0140991 0.0786743 0.0422668 0.127228 0.0841675 0.100006 -0.0604248 0.0337524 -0.00476074 0.0841064 -0.147156 -0.068634 -0.0928345 -0.0142517 -0.195007 -0.152893 -0.100006 -0.0724182 -0.199982 -0.191284 -0.0655518 0.0325928 -0.188599 -0.137024 0.0414429 0.0995178 -0.130615 -0.0465698 0.0501709 0.100006 -0.0380859 0.0562134 -0.0578003 0.0417175 0.0644836 0.144135 -0.100006 -0.0653076 0.150024 0.19397 -0.0960388 -0.0238953 0.192535 0.199982 -0.0145569 0.0783691 0.140198 0.190002 0.0839233 0.100006 0.0508118 0.133911 -0.00430298 0.0843506 -0.052002 0.0423889 -0.0926514 -0.0137634 -0.141052 -0.0603027 -0.100006 -0.0727539 -0.192871 -0.147064 -0.0658875 0.0321655 -0.199982 -0.193665 0.0410156 0.0994873 -0.191345 -0.143311 0.0505676 0.100006 -0.137146 -0.0550537 -0.0574341 0.0421448 -0.0466919 0.0477295 -0.100006 -0.0649414 0.0560913 0.137909 -0.0961609 -0.024353 0.144043 0.19165 -0.0150146 0.0780945 0.193939 0.199982 0.0836792 0.100006 0.146332 0.192566 -0.00384521 0.0845947 0.0592957 0.140289 -0.0924683 -0.0133057 -0.043457 0.0509644 -0.100006 -0.0730591 -0.134705 -0.0518494 -0.0662537 0.0317078 -0.190338 -0.140961 0.0405884 0.0994263 -0.199982 -0.19281 0.0509949 0.100006 -0.193726 -0.149292 -0.0570374 0.042572 -0.143402 -0.0634766 -0.0999756 -0.0645752 -0.0552063 0.0391541 -0.096283 -0.0248108 0.0476074 0.131409 -0.0155029 0.0777893 0.137817 0.188934 0.0834045 0.0999756 0.19162 0.199982 -0.00335693 0.0848389 0.152191 0.194763 -0.0922852 -0.0128479 0.067627 0.146423 -0.0999756 -0.0733948 -0.0348206 0.0594177 -0.0665894 0.03125 -0.128052 -0.043335 0.0401306 0.0993958 -0.187469 -0.134613 0.0513916 0.0999756 -0.199982 -0.190308 -0.0566406 0.0429993 -0.195709 -0.154999 -0.0999756 -0.064209 -0.149384 -0.0717468 -0.096405 -0.0252686 -0.0635986 0.0304871 -0.0159607 0.0774841 0.039032 0.124664 0.0831299 0.0999756 0.131317 0.185883 -0.00289917 0.085083 0.188904 0.199982 -0.0921021 -0.0123901 0.157745 0.196564 -0.0999756 -0.0737 0.0758362 0.152283 -0.0669556 0.0308228 -0.026123 0.067749 0.0397034 0.0993347 -0.121185 -0.0346985 0.0517883 0.0999756 -0.184204 -0.12796 -0.0562744 0.0434265 -0.199982 -0.187408 -0.0999756 -0.0638733 -0.197327 -0.160431 -0.0965271 -0.0257263 -0.15509 -0.079895 -0.0164185 0.077179 -0.0718689 0.021759 0.0828857 0.0999756 0.030365 0.117645 -0.00241089 0.0853577 0.124542 0.182465 -0.0919189 -0.0119019 0.185822 0.199982 -0.0999756 -0.0740356 0.162994 0.197998 -0.0672913 0.030365 0.0838928 0.157837 0.0392761 0.0992737 -0.017395 0.0759583 0.0521851 0.0999756 -0.114075 -0.026001 -0.0558777 0.0438538 -0.180603 -0.121094 -0.0999756 -0.0635071 -0.199982 -0.184174 -0.0966492 -0.0261841 -0.198578 -0.165527 -0.0168762 0.0769043 -0.160492 -0.0878601 0.0826111 0.0999451 -0.0800171 0.0130005 -0.00195312 0.0856018 0.021637 0.899963 -0.799988 -0.0114441;
4500 1-grid-position 0.21;
4500 2-grid-position 0.293125;
4513.64 ppq 128;
4520 1-grid-position 0.61;
4520 2-grid-position 0.294521;
4540 1-grid-position 0.41;
4540 2-grid-position 0.295916;
4547.73 ppq 129;
4560 1-grid-position 0.21;
4560 2-grid-position 0.297312;
4580 1-grid-position 0.61;
4580 2-grid-position 0.298708;
4581.82 ppq 130;
4600 1-grid-position 0.41;
4600 2-grid-position 0.300104;
4615.91 ppq 131;
4620 1-grid-position 0.21;
4620 2-grid-position 0.3015;
4640 1-grid-position 0.61;
4640 2-grid-position 0.302896;
4650 ppq 132;
4660 1-grid-position 0.41;
4660 2-grid-position 0.304291;
4680 1-grid-position 0.210001;
4680 2-grid-position 0.305687;
4684.09 ppq 133;
4700 1-ui-transport label Switching\ buffer;
4700 1-grid-paused 1;
4700 1-ui-transport label Switching\ buffer;
4700 1-grid-position 0.61;
4700 2-grid-position 0.307083;
4718.18 ppq 134;
4720 1-grid-paused 0;
4720 1-ui-transport label Switching\ buffer;
4720 1-grid-playing 0;
4720 1-ui-transport label Switching\ buffer;
4720 1-grid-position 0;
4720 1-ui-transport label Switching\ buffer;
4720 1-ui-slot set 1;
4720 s_b_buffer_states 1 1 44.1 39492.6 0 631881;
4720 2-ui-transport label Playing;
4720 1-ui-transport label Switching\ buffer;
4720 sample_buffer_1-view-info info sample 1 1 44100 0 631881 input.wav Loaded;
4720 1-ui-transport label Stopped;
4720 1-grid-playing 1;
4720 1-ui-transport label Playing;
4720 1-grid-position 0.00311451;
4720 1-grid-paused 0;
4720 1-ui-transport label Playing;
4720 2-grid-position 0.308479;
4740 1-grid-position 0.998604;
4740 2-grid-position 0.309875;
4752.27 ppq 135;
4760 1-grid-position 0.997208;
4760 2-grid-position 0.311271;
4780 1-grid-position 0.995812;
4780 2-grid-position 0.312666;
4786.36 ppq 136;
4800 1-grid-position 0.994417;
4800 2-grid-position 0.314062;
4820 1-grid-position 0.993021;
4820 2-grid-position 0.315458;
4820.45 ppq 137;
4840 1-grid-position 0.991625;
4840 2-grid-position 0.316854;
4854.55 ppq 138;
4860 1-grid-position 0.990229;
4860 2-grid-position 0.31825;
4880 1-grid-position 0.988833;
4880 2-grid-position 0.319646;
4888.64 ppq 139;
4900 1-grid-position 0.987437;
4900 2-grid-position 0.321041;
4920 1-grid-position 0.988833;
4920 2-grid-position 0.322437;
4922.73 ppq 140;
4940 1-grid-position 0.990229;
4940 2-grid-position 0.323833;
4956.82 ppq 141;
4960 1-grid-position 0.991625;
4960 2-grid-position 0.325229;
4980 1-grid-position 0.993021;
4980 2-grid-position 0.326625;
4990.91 ppq 142;
5000 1-grid-position 0.994417;
5000 2-grid-position 0.328021;
5010 1-grid-playing 0;
5010 1-ui-transport label Stopped;
5010 1-grid-paused 0;
5010 1-ui-transport label Stopped;
5010 1-grid-position 0;
5019 1-grid-paused 0;
5019 1-ui-transport label Stopped;
5019 1-grid-playing 0;
5019 1-ui-transport label Stopped;
5019 1-grid-position 0;
5020 2-grid-position 0.329416;
5025 ppq 143;
5040 2-grid-position 0.330812;
5050 1-grid-playing 1;
5050 1-ui-transport label Playing;
5050 1-grid-position 0;
5050 1-grid-paused 0;
5050 1-ui-transport label Playing;
5059.09 ppq 144;
5060 2-grid-position 0.332208;
5070 1-grid-position 0.0013493;
5080 2-grid-position 0.333604;
5090 1-grid-position 0.00274513;
5093.18 ppq 145;
5100 2-grid-position 0.335;
5110 1-grid-position 0.00414097;
5120 2-grid-position 0.336396;
5127.27 ppq 146;
5130 1-grid-position 0.0055368;
5140 2-grid-position 0.337791;
5150 1-grid-position 0.00693263;
5160 2-grid-position 0.339187;
5161.36 ppq 147;
5170 1-grid-position 0.00832846;
5180 2-grid-position 0.340583;
5190 1-grid-position 0.00972429;
5195.45 ppq 148;
5200 2-grid-position 0.341979;
5210 1-grid-position 0.0111201;
5220 2-grid-position 0.343375;
5229.55 ppq 149;
5230 1-grid-position 0.012516;
5240 2-grid-position 0.344771;
5250 1-grid-position 0.0139118;
5260 2-grid-position 0.346166;
5263.64 ppq 150;
5270 1-grid-position 0.0153076;
5280 2-grid-position 0.347562;
5290 1-grid-position 0.0167035;
5297.73 ppq 151;
5300 2-grid-position 0.348958;
5310 1-grid-position 0.0180993;
5320 2-grid-position 0.350354;
5330 1-grid-position 0.0194951;
5331.82 ppq 152;
5340 2-grid-position 0.35175;
5350 1-grid-position 0.020891;
5360 2-grid-position 0.353146;
5365.91 ppq 153;
5370 1-grid-position 0.0222868;
5380 2-grid-position 0.354541;
5390 1-grid-position 0.0236826;
5400 ppq 154;
5400 2-grid-position 0.355937;
5410 1-grid-position 0.0250785;
5420 2-grid-position 0.357333;
5430 1-grid-position 0.0264743;
5434.09 ppq 155;
5440 2-grid-position 0.358729;
5450 1-grid-position 0.0278701;
5460 2-grid-position 0.360125;
5468.18 ppq 156;
5470 1-grid-position 0.0292659;
5480 2-grid-position 0.361521;
5490 1-grid-position 0.0306618;
5500 1-open-player-view;
5500 mlr-close-views;
5500 2-grid-position 0.362916;
5502.27 ppq 157;
5510 1-grid-position 0.0320576;
5520 2-grid-position 0.364312;
5530 1-grid-position 0.0334534;
5536.36 ppq 158;
5540 2-grid-position 0.365708;
5550 1-grid-position 0.0348493;
5560 2-grid-position 0.367104;
5570 1-grid-position 0.0362451;
5570.45 ppq 159;
5580 2-grid-position 0.3685;
5590 1-grid-position 0.0376409;
5600 2-grid-position 0.369896;
5604.55 ppq 160;
5610 1-grid-position 0.0390368;
5620 2-grid-position 0.371291;
5630 1-grid-position 0.0404326;
5638.64 ppq 161;
5640 2-grid-position 0.372687;
5650 1-grid-position 0.0418284;
5660 2-grid-position 0.374083;
5670 1-grid-position 0.0432243;
5672.73 ppq 162;
5680 2-grid-position 0.375479;
5690 1-grid-position 0.0446201;
5700 2-grid-position 0.376875;
5706.82 ppq 163;
5710 1-grid-position 0.0460159;
5720 2-grid-position 0.378271;
5730 1-grid-position 0.0474118;
5740 2-grid-position 0.379666;
5740.91 ppq 164;
5750 1-grid-position 0.0488076;
5760 2-grid-position 0.381062;
5770 1-grid-position 0.0502034;
5775 ppq 165;
5780 2-grid-position 0.382458;
5790 1-grid-position 0.0515993;
5800 2-grid-position 0.383854;
5809.09 ppq 166;
5810 1-grid-position 0.0529951;
5820 2-grid-position 0.38525;
5830 1-grid-position 0.0543909;
5840 2-grid-position 0.386646;
5843.18 ppq 167;
5850 1-grid-position 0.0557868;
5860 2-grid-position 0.388041;
5870 1-grid-position 0.0571826;
5877.27 ppq 168;
5880 2-grid-position 0.389437;
5890 1-grid-position 0.0585784;
5900 2-grid-position 0.390833;
5910 1-grid-position 0.0599743;
5911.36 ppq 169;
5920 2-grid-position 0.392229;
5930 1-grid-position 0.0613701;
5940 2-grid-position 0.393625;
5945.45 ppq 170;
5950 1-grid-position 0.0627659;
5960 2-grid-position 0.395021;
5970 1-grid-position 0.0641618;
5979.55 ppq 171;
5980 2-grid-position 0.396416;
5990 1-grid-position 0.0655576;
6000 mlr-close-views;
6000 2-grid-position 0.397812;
6010 1-grid-position 0.0669534;
6013.64 ppq 172;
6020 2-grid-position 0.399208;
6030 1-grid-position 0.0683492;
6040 2-grid-position 0.400604;
6047.73 ppq 173;
6050 1-grid-position 0.0697451;
6060 2-grid-position 0.402;
6070 1-grid-position 0.0711409;
6080 2-grid-position 0.403396;
6081.82 ppq 174;
6090 1-grid-position 0.0725368;
6100 2-grid-position 0.404791;
6110 1-grid-position 0.0739326;
6115.91 ppq 175;
6120 2-grid-position 0.406187;
6130 1-grid-position 0.0753284;
6140 2-grid-position 0.407583;
6150 ppq 176;
6150 1-grid-position 0.0767242;
6160 2-grid-position 0.408979;
6170 1-grid-position 0.0781201;
6180 2-grid-position 0.410375;
6184.09 ppq 177;
6190 1-grid-position 0.0795159;
6200 2-grid-position 0.411771;
6210 1-grid-position 0.0809117;
6218.18 ppq 178;
6220 2-grid-position 0.413166;
6230 1-grid-position 0.0823076;
6240 2-grid-position 0.414562;
6250 1-grid-position 0.0837034;
6252.27 ppq 179;
6260 2-grid-position 0.415958;
6270 1-grid-position 0.0850992;
6280 2-grid-position 0.417354;
6286.36 ppq 180;
6290 1-grid-position 0.0864951;
6300 2-grid-position 0.41875;
6310 1-grid-position 0.0878909;
6320 2-grid-position 0.420146;
6320.45 ppq 181;
6330 1-grid-position 0.0892867;
6340 2-grid-position 0.421541;
6350 1-grid-position 0.0906826;
6354.55 ppq 182;
6360 2-grid-position 0.422937;
6370 1-grid-position 0.0920784;
6380 2-grid-position 0.424333;
6388.64 ppq 183;
6390 1-grid-position 0.0934742;
6400 2-grid-position 0.425729;
6410 1-grid-position 0.0948701;
6420 2-grid-position 0.427125;
6422.73 ppq 184;
6430 1-grid-position 0.0962659;
6440 2-grid-position 0.428521;
6450 1-grid-position 0.0976617;
6456.82 ppq 185;
6460 2-grid-position 0.429916;
6470 1-grid-position 0.0990576;
6480 2-grid-position 0.431312;
6490 1-grid-position 0.100453;
6490.91 ppq 186;
6500 1-open-player-view;
6500 mlr-close-views;
6500 2-grid-position 0.432708;
6510 1-grid-position 0.101849;
6520 2-grid-position 0.434104;
6525 ppq 187;
6530 1-grid-position 0.103245;
6540 2-grid-position 0.4355;
6550 1-grid-position 0.104641;
6559.09 ppq 188;
6560 2-grid-position 0.436896;
6570 1-grid-position 0.106037;
6580 2-grid-position 0.438291;
6590 1-grid-position 0.107433;
6593.18 ppq 189;
6600 2-grid-position 0.439687;
6610 1-grid-position 0.108828;
6620 2-grid-position 0.441083;
6627.27 ppq 190;
6630 1-grid-position 0.110224;
6640 2-grid-position 0.442479;
6650 1-grid-position 0.11162;
6660 2-grid-position 0.443875;
6661.36 ppq 191;
6670 1-grid-position 0.113016;
6680 2-grid-position 0.445271;
6690 1-grid-position 0.114412;
6695.45 ppq 192;
6700 2-grid-position 0.446666;
6710 1-grid-position 0.115808;
6720 2-grid-position 0.448062;
6729.55 ppq 193;
6730 1-grid-position 0.117203;
6740 2-grid-position 0.449458;
6750 1-grid-position 0.118599;
6760 2-grid-position 0.450854;
6763.64 ppq 194;
6770 1-grid-position 0.119995;
6780 2-grid-position 0.45225;
6790 1-grid-position 0.121391;
6797.73 ppq 195;
6800 2-grid-position 0.453645;
6810 1-grid-position 0.122787;
6820 2-grid-position 0.455041;
6830 1-grid-position 0.124183;
6831.82 ppq 196;
6840 2-grid-position 0.456437;
6850 1-grid-position 0.125578;
6860 2-grid-position 0.457833;
6865.91 ppq 197;
6870 1-grid-position 0.126974;
6880 2-grid-position 0.459229;
6890 1-grid-position 0.12837;
6900 ppq 198;
6900 2-grid-position 0.460625;
6910 1-grid-position 0.129766;
6920 2-grid-position 0.46202;
6930 1-grid-position 0.131162;
6934.09 ppq 199;
6940 2-grid-position 0.463416;
6950 1-grid-position 0.132558;
6960 2-grid-position 0.464812;
6968.18 ppq 200;
6970 1-grid-position 0.133953;
6980 2-grid-position 0.466208;
6990 1-grid-position 0.135349;
7000 1-grid-playing 0;
7000 1-ui-transport label Stopped;
7000 1-grid-paused 0;
7000 1-ui-transport label Stopped;
7000 1-grid-position 0;
7000 2-grid-position 0.467604;
7000 2-grid-playing 0;
7000 2-ui-transport label Stopped;
7000 2-grid-paused 0;
7000 2-ui-transport label Stopped;
7000 2-grid-position 0;
7000 clock-run-ui set 0;
7009 1-grid-paused 0;
7009 1-ui-transport label Stopped;
7009 1-grid-playing 0;
7009 1-ui-transport label Stopped;
7009 1-grid-position 0;
7009 2-grid-paused 0;
7009 2-ui-transport label Stopped;
7009 2-grid-playing 0;
7009 2-ui-transport label Stopped;
7009 2-grid-position 0;
7100 mlr-save-status label Saving\ live\ 3...;
7130 mlr-save-status label Saved\ Live\ 3:\ saved\ take.wav;
7130 live_buffer_3-view-info info live 3 1 48000 0 62400 Live\ 3 Saved;
7300 1-ui-transport label Switching\ buffer;
7320 1-grid-paused 0;
7320 1-ui-transport label Switching\ buffer;
7320 1-grid-playing 0;
7320 1-ui-transport label Switching\ buffer;
7320 1-grid-position 0;
7320 1-ui-transport label Switching\ buffer;
7320 1-ui-slot set 3;
7320 l_b_buffer_states 3 48 0 62400 3900 1;
7320 live_buffer_3-view-info info live 3 1 48000 0 62400 Live\ 3 Saved;
7320 1-ui-transport label Switching\ buffer;
7320 1-ui-transport label Stopped;
7400 1-open-player-view;
7400 mlr-close-views;
7700 waveform-peaks-reply info live 3 1 48000 0 62400 Live\ 3 Saved;
7700 waveform-peaks-reply peaks live_buffer_3 0 62400 -0.247413 0.249077 -0.199965 0.199998 -0.248934 0.247556 -0.199993 0.199977 -0.246944 0.249545 -0.199987 0.199986 -0.248465 0.248024 -0.199975 0.199994 -0.249986 0.246504 -0.199998 0.199963 -0.247996 0.248493 -0.199999 0.2 -0.249517 0.248962 -0.199972 0.199995 -0.249048 0.247441 -0.199989 0.199983 -0.247059 0.249431 -0.199991 0.19998 -0.24858 0.24791 -0.199968 0.199997 -0.24659 0.2499 -0.199999 0.199954 -0.248111 0.248379 -0.199936 0.199999 -0.249632 0.246858 -0.199997 0.199992 -0.247642 0.248847 -0.199984 0.199988 -0.249163 0.247327 -0.199995 0.199973 -0.247173 0.249316 -0.199959 0.199999 -0.248694 0.249785 -0.2 0.199943 -0.248225 0.248264 -0.199925 0.199998 -0.249746 0.246743 -0.199994 0.199903 -0.247757 0.248733 -0.199977 0.199993 -0.249277 0.247212 -0.199997 0.199965 -0.247288 0.249202 -0.19995 0.2 -0.248809 0.247681 -0.199999 0.199932 -0.246819 0.249671 -0.199912 0.199996 -0.24834 0.24815 -0.19999 0.199889 -0.249861 0.246629 -0.199863 0.199996 -0.247871 0.248618 -0.199999 0.199835 -0.249392 0.249087 -0.19994 0.2 -0.248923 0.247566 -0.199997 0.19992 -0.246934 0.249556 -0.199898 0.199993 -0.248454 0.248035 -0.199994 0.199903 -0.249975 0.246514 -0.199846 0.199998 -0.247986 0.248504 -0.2 0.199816 -0.249507 0.246983 -0.199841 0.199999 -0.247517 0.248973 -0.199995 0.199907 -0.249038 0.247452 -0.199894 0.199992 -0.247048 0.249441 -0.199997 0.199916 -0.248569 0.24991 -0.199936 0.199999 -0.2481 0.248389 -0.199999 0.199953 -0.249621 0.246869 -0.199858 0.199997 -0.247631 0.248858 -0.199992 0.199884 -0.249152 0.247337 -0.199908 0.199995 -0.247163 0.249327 -0.199999 0.199929 -0.248684 0.247806 -0.199947 0.2 -0.246694 0.249796 -0.199998 0.199962 -0.248215 0.248275 -0.199975 0.199994 -0.249736 0.246754 -0.199993 0.199899 -0.247746 0.248744 -0.199921 0.199998 -0.249267 0.249212 -0.2 0.19994 -0.248798 0.247692 -0.199957 0.199999 -0.246808 0.249681 -0.199996 0.19997 -0.248329 0.24816 -0.199982 0.19999 -0.24985 0.246639 -0.199996 0.19999 -0.247861 0.248629 -0.199933 0.199999 -0.249381 0.247108 -0.2 0.19995 -0.247392 0.249098 -0.199966 0.199997 -0.248913 0.247577 -0.199993 0.199978 -0.246923 0.249567 -0.199987 0.199985 -0.249965 0.248046 -0.199975 0.199994 -0.247975 0.248515 -0.199998 0.199962 -0.249496 0.246994 -0.199999 0.2 -0.247506 0.248983 -0.199973 0.199995 -0.249027 0.247462 -0.199988 0.199984 -0.247038 0.249452 -0.199992 0.199979 -0.248558 0.247931 -0.199967 0.199997 -0.246569 0.249921 -0.199999 0.199953 -0.24809 0.2484 -0.199935 0.199999 -0.24961 0.246879 -0.199997 0.199991 -0.247621 0.248869 -0.199983 0.199989 -0.249142 0.249338 -0.199995 0.199972 -0.248673 0.247817 -0.199959 0.199999 -0.246683 0.249806 -0.2 0.199942 -0.248204 0.248285 -0.199924 0.199998 -0.249725 0.246765 -0.199994 0.199902 -0.247735 0.248754 -0.199878 0.199993 -0.249256 0.247233 -0.199998 0.199964 -0.247267 0.249223 -0.199949 0.2 -0.248787 0.247702 -0.199999 0.199931 -0.246798 0.249692 -0.199911 0.199996 -0.249839 0.248171 -0.19999 0.199888 -0.24785 0.24864 -0.199862 0.199996 -0.249371 0.247119 -0.199999 0.199833 -0.247381 0.249108 -0.199939 0.2 -0.248902 0.247588 -0.199997 0.199919 -0.246912 0.249577 -0.199897 0.199992 -0.248433 0.248056 -0.199994 0.199905 -0.249954 0.246536 -0.199926 0.199998 -0.247964 0.248525 -0.2 0.199815 -0.249485 0.247004 -0.199843 0.199999 -0.247496 0.248994 -0.199995 0.199906 -0.249016 0.249463 -0.199895 0.199992 -0.248548 0.247942 -0.199997 0.199918 -0.246558 0.249931 -0.199937 0.2 -0.248079 0.248411 -0.199999 0.199954 -0.2496 0.24689 -0.19986 0.199997 -0.24761 0.248879 -0.199991 0.199886 -0.249131 0.247359 -0.199909 0.199995 -0.247141 0.249348 -0.199999 0.19993 -0.248662 0.247827 -0.199948 0.2 -0.246673 0.249817 -0.199998 0.199963 -0.249714 0.248296 -0.199976 0.199993 -0.247725 0.248765 -0.199993 0.1999 -0.249246 0.247244 -0.199922 0.199998 -0.247256 0.249234 -0.2 0.199941 -0.248777 0.247713 -0.199958 0.199999 -0.246787 0.249702 -0.199996 0.199971 -0.248308 0.248182 -0.199982 0.199989 -0.249829 0.246661 -0.199981 0.199991 -0.247839 0.24865 -0.199996 0.199999 -0.24936 0.247129 -0.2 0.199951 -0.24737 0.249119 -0.199966 0.199997 -0.248891 0.249588 -0.199992 0.199978 -0.248423 0.248067 -0.199988 0.199985 -0.249943 0.246546 -0.199974 0.199994 -0.247954 0.248536 -0.199998 0.199961 -0.249475 0.247015 -0.199999 0.2 -0.247485 0.249005 -0.199974 0.199994 -0.249006 0.247484 -0.199988 0.199984 -0.247016 0.249473 -0.199992 0.199978 -0.248537 0.247953 -0.199966 0.199997 -0.246547 0.249942 -0.2 0.199952 -0.249589 0.248421 -0.199934 0.199999 -0.2476 0.24889 -0.199996 0.199991 -0.24912 0.247369 -0.199982 0.199989 -0.247131 0.249359 -0.199996 0.199971 -0.248652 0.247838 -0.199958 0.199999 -0.246662 0.249828 -0.2 0.199941 -0.248183 0.248307 -0.199922 0.199998 -0.249704 0.246786 -0.199993 0.199901 -0.247714 0.248776 -0.199876 0.199993 -0.249235 0.247255 -0.199998 0.199963 -0.247245 0.249244 -0.199948 0.2 -0.248766 0.249713 -0.199999 0.19993 -0.248297 0.248192 -0.199909 0.199995 -0.249818 0.246671 -0.199991 0.199886 -0.247829 0.248661 -0.19986 0.199997 -0.249349 0.24714 -0.199999 0.199831 -0.24736 0.24913 -0.199938 0.2 -0.248881 0.247609 -0.199997 0.199918 -0.246891 0.249599 -0.199896 0.199992 -0.248412 0.248078 -0.199995 0.199906 -0.249933 0.246557 -0.199927 0.199999 -0.249464 0.248546 -0.2 0.199814 -0.247474 0.249015 -0.199844 0.199998 -0.248995 0.247494 -0.199994 0.199872 -0.247006 0.249484 -0.199897 0.199992 -0.248526 0.247963 -0.199997 0.199919 -0.246537 0.249953 -0.199938 0.2 -0.248058 0.248432 -0.199999 0.199955 -0.249578 0.246911 -0.199861 0.199996 -0.247589 0.248901 -0.199991 0.199887 -0.24911 0.24738 -0.19991 0.199996 -0.24712 0.249369 -0.199999 0.199931 -0.248641 0.249838 -0.199949 0.2 -0.248172 0.248317 -0.199998 0.199964 -0.249693 0.246797 -0.199977 0.199993 -0.247703 0.248786 -0.199994 0.199986 -0.249224 0.247265 -0.199923 0.199998 -0.247235 0.249255 -0.2 0.199942 -0.248755 0.247734 -0.199958 0.199999 -0.246766 0.249724 -0.199995 0.199972 -0.248287 0.248203 -0.199983 0.199989 -0.249808 0.246682 -0.19998 0.199991 -0.249339 0.248672 -0.199997 0.199999 -0.247349 0.24914 -0.199999 0.199952 -0.24887 0.24762 -0.199967 0.199997 -0.24688 0.249609 -0.199992 0.199979 -0.248401 0.248088 -0.199988 0.199984 -0.249922 0.246567 -0.199973 0.199995 -0.247933 0.248557 -0.199999 0.19996 -0.249453 0.247036 -0.199998 0.2 -0.247464 0.249026 -0.199975 0.199994 -0.248985 0.247505 -0.199987 0.199985 -0.246995 0.249495 -0.199992 0.199978 -0.248516 0.249963 -0.199966 0.199997 -0.248047 0.248443 -0.2 0.199951 -0.249568 0.246922 -0.199933 0.199999 -0.247578 0.248911 -0.199996 0.199913 -0.249099 0.24739 -0.199982 0.19999 -0.24711 0.24938 -0.199996 0.199971 -0.24863 0.247859 -0.199957 0.199999 -0.246641 0.249849 -0.2 0.19994 -0.248162 0.248328 -0.199921 0.199998 -0.249682 0.246807 -0.199993 0.199899 -0.249214 0.248797 -0.199875 0.199994 -0.247224 0.249266 -0.199998 0.199963 -0.248745 0.247745 -0.199947 0.2 -0.246755 0.249734 -0.199999 0.199929 -0.248276 0.248213 -0.199908 0.199995 -0.249797 0.246693 -0.199991 0.199893 -0.247807 0.248682 -0.199858 0.199997 -0.249328 0.247161 -0.199999 0.199829 -0.247339 0.249151 -0.199936 0.199999 -0.248859 0.24763 -0.199997 0.199917 -0.24687 0.24962 -0.199894 0.199992 -0.249911 0.248099 -0.199995 0.199907 -0.247922 0.248568 -0.199928 0.199999 -0.249443 0.247047 -0.2 0.199816 -0.247453 0.249036 -0.199846 0.199998 -0.248974 0.247516 -0.199994 0.199873 -0.246984 0.249505 -0.199898 0.199993 -0.248505 0.247984 -0.199997 0.19992 -0.246516 0.249974 -0.19994 0.2 -0.248036 0.248453 -0.199999 0.199956 -0.249557 0.246932 -0.199863 0.199996 -0.249088 0.248922 -0.19999 0.199889 -0.247099 0.249391 -0.199912 0.199996 -0.24862 0.24787 -0.199999 0.199932 -0.24663 0.249859 -0.19995 0.2 -0.248151 0.248339 -0.199998 0.199965 -0.249672 0.246818 -0.199977 0.199993 -0.247682 0.248807 -0.199994 0.199987 -0.249203 0.247287 -0.199925 0.199998 -0.247213 0.249276 -0.2 0.199943 -0.248734 0.247755 -0.199959 0.199999 -0.246745 0.249745 -0.199995 0.199973 -0.249786 0.248224 -0.199983 0.199988 -0.247797 0.248693 -0.199979 0.199992 -0.249318 0.247172 -0.199997 0.199999 -0.247328 0.249162 -0.199999 0.199953 -0.248849 0.247641 -0.199968 0.199997 -0.246859 0.24963 -0.199992 0.199979 -0.24838 0.24811 -0.199989 0.199983 -0.249901 0.246589 -0.199973 0.199995 -0.247911 0.248578 -0.199999 0.199959 -0.249432 0.247058 -0.199943 0.2 -0.248963 0.249047 -0.199998 0.199994 -0.246974 0.249516 -0.199987 0.199985 -0.248495 0.247995 -0.199993 0.199977 -0.246505 0.249985 -0.199965 0.199998 -0.248026 0.248464 -0.2 0.19995 -0.249547 0.246943 -0.199932 0.199999 -0.247557 0.248933 -0.199996 0.199911 -0.249078 0.247412 -0.199981 0.19999 -0.247088 0.249401 -0.199996 0.19997 -0.248609 0.247881 -0.199956 0.199999 -0.246619 0.24987 -0.2 0.199939 -0.249661 0.248349 -0.19992 0.199997 -0.247672 0.248818 -0.199993 0.199898 -0.249192 0.247297 -0.199873 0.199994 -0.247203 0.249287 -0.199998 0.199962 -0.248724 0.247766 -0.199946 0.2 -0.246734 0.249756 -0.199999 0.199928 -0.248255 0.248235 -0.199907 0.199995 -0.249776 0.246714 -0.199992 0.199894 -0.247786 0.248704 -0.199857 0.199997 -0.249307 0.247183 -0.199999 0.199828 -0.248838 0.249172 -0.19983 0.199999 -0.246849 0.249641 -0.199997 0.199915 -0.248369 0.24812 -0.199893 0.199991 -0.24989 0.246599 -0.199995 0.199908 -0.247901 0.248589 -0.199929 0.199999 -0.249421 0.247068 -0.2 0.199818 -0.247432 0.249058 -0.199848 0.199998 -0.248953 0.247537 -0.199994 0.199875 -0.246963 0.249527 -0.199899 0.199993 -0.248484 0.248006 -0.199998 0.199921 -0.246494 0.249995 -0.199941 0.2 -0.249536 0.248474 -0.199999 0.199957 -0.247546 0.248943 -0.199971 0.199996 -0.249067 0.247422 -0.19999 0.19989 -0.247078 0.249412 -0.199913 0.199996 -0.248598 0.247891 -0.199999 0.199933 -0.246609 0.249881 -0.199951 0.2 -0.24813 0.24836 -0.199997 0.199966 -0.24965 0.246839 -0.199978 0.199992 -0.247661 0.248829 -0.199994 0.199987 -0.249182 0.247308 -0.199926 0.199998 -0.248713 0.249297 -0.2 0.199944 -0.246723 0.249766 -0.19996 0.199999 -0.248244 0.248245 -0.199995 0.199973 -0.249765 0.246725 -0.199984 0.199988 -0.247775 0.248714 -0.199979 0.199992 -0.249296 0.247193 -0.199997 0.2 -0.247307 0.249183 -0.199999 0.199954 -0.248827 0.247662 -0.199969 0.199997 -0.246838 0.249652 -0.199991 0.19998 -0.248359 0.248131 -0.199989 0.199983 -0.24988 0.24661 -0.199972 0.199995 -0.249411 0.2486 -0.199999 0.199958 -0.247421 0.249068 -0.199942 0.2 -0.248942 0.247548 -0.199998 0.199993 -0.246952 0.249537 -0.199986 0.199986 -0.248473 0.248016 -0.199993 0.199977 -0.249994 0.246496 -0.199964 0.199998 -0.248004 0.248485 -0.2 0.199949 -0.249525 0.246964 -0.199931 0.199999 -0.247536 0.248954 -0.199996 0.19991 -0.249057 0.247433 -0.199981 0.199991 -0.248588 0.249423 -0.199996 0.199969 -0.246598 0.249891 -0.199955 0.199999 -0.248119 0.248371 -0.2 0.199938 -0.24964 0.24685 -0.199919 0.199997 -0.24765 0.248839 -0.199992 0.199896 -0.249171 0.247319 -0.199871 0.199994 -0.247181 0.249308 -0.199998 0.199844 -0.248702 0.247787 -0.199945 0.2 -0.246713 0.249777 -0.199999 0.199927 -0.248234 0.248256 -0.199906 0.199994 -0.249754 0.246735 -0.199992 0.199896 -0.249286 0.248725 -0.199855 0.199997 -0.247296 0.249194 -0.2 0.199826 -0.248817 0.247673 -0.199832 0.199999 -0.246827 0.249662 -0.199997 0.199914 -0.248348 0.248141 -0.199891 0.199991 -0.249869 0.246621 -0.199996 0.19991 -0.247879 0.24861 -0.19993 0.199999 -0.2494 0.247089 -0.2 0.199948 -0.247411 0.249079 -0.199849 0.199998 -0.248931 0.247558 -0.199993 0.199876 -0.248463 0.249548 -0.199901 0.199993 -0.249983 0.246506 -0.199998 0.199923 -0.247994 0.248496 -0.199942 0.2 -0.249515 0.246975 -0.199999 0.199958 -0.247525 0.248964 -0.199971 0.199996 -0.249046 0.247444 -0.199991 0.199891 -0.247056 0.249433 -0.199914 0.199997 -0.248577 0.247912 -0.199999 0.199934 -0.246588 0.249902 -0.199952 0.2 -0.248108 0.248381 -0.199997 0.199967 -0.249629 0.24686 -0.199979 0.199992 -0.24916 0.24885 -0.199995 0.199988 -0.247171 0.249319 -0.199927 0.199999 -0.248692 0.247798 -0.2 0.199945 -0.246702 0.249788 -0.199961 0.199998 -0.248223 0.248267 -0.199994 0.199974 -0.249744 0.246746 -0.199985 0.199988 -0.247754 0.248735 -0.199978 0.199992 -0.249275 0.247215 -0.199997 0.199966 -0.247285 0.249204 -0.199999 0.2 -0.248806 0.247683 -0.199969 0.199996 -0.248337 0.249673 -0.199991 0.199981 -0.249858 0.246631 -0.199989 0.199982 -0.247869 0.248621 -0.199971 0.199996 -0.249389 0.2471 -0.199999 0.199957 -0.2474 0.24909 -0.199941 0.2 -0.248921 0.247569 -0.199998 0.199993 -0.246931 0.249558 -0.199986 0.199986 -0.248452 0.248038 -0.199993 0.199976 -0.249973 0.246517 -0.199963 0.199998 -0.247983 0.248506 -0.2 0.199948 -0.249504 0.246986 -0.19993 0.199999 -0.249035 0.248975 -0.199995 0.199909 -0.247046 0.249444 -0.19998 0.199991 -0.248567 0.247923 -0.199997 0.199968 -0.246577 0.249913 -0.199954 0.199999 -0.248098 0.248392 -0.199999 0.199937 -0.249619 0.246871 -0.199917 0.199997 -0.247629 0.248861 -0.199992 0.199895 -0.24915 0.24734 -0.19987 0.199995 -0.24716 0.249329 -0.199999 0.199842 -0.248681 0.247809 -0.199944 0.2 -0.248212 0.249798 -0.199998 0.199926 -0.249733 0.246756 -0.199904 0.199994 -0.247744 0.248746 -0.199992 0.199897 -0.249264 0.247225 -0.199853 0.199997 -0.247275 0.249215 -0.2 0.199824 -0.248796 0.247694 -0.199833 0.199999 -0.246806 0.249684 -0.199996 0.199913 -0.248327 0.248163 -0.19989 0.19999 -0.249848 0.246642 -0.199996 0.199911 -0.247858 0.248632 -0.199931 0.199999 -0.249379 0.247111 -0.2 0.199949 -0.24891 0.2491 -0.199851 0.199998 -0.246921 0.249569 -0.199993 0.199878 -0.248441 0.248048 -0.199902 0.199994 -0.249962 0.246527 -0.199998 0.199924 -0.247973 0.248517 -0.199943 0.2 -0.249493 0.246996 -0.199999 0.199959 -0.247504 0.248986 -0.199972 0.199995 -0.249025 0.247465 -0.199991 0.199893 -0.247035 0.249455 -0.199915 0.199997 -0.248556 0.247934 -0.199999 0.199935 -0.248087 0.249923 -0.199953 0.199999 -0.249608 0.246882 -0.199997 0.199967 -0.247618 0.248871 -0.199979 0.199992 -0.249139 0.24735 -0.199984 0.199988 -0.24715 0.24934 -0.199995 0.199999 -0.24867 0.247819 -0.2 0.199946 -0.246681 0.249809 -0.199962 0.199998 -0.248202 0.248288 -0.199994 0.199975 -0.249722 0.246767 -0.199985 0.199987 -0.247733 0.248757 -0.199978 0.199993 -0.249254 0.247236 -0.199997 0.199965 -0.248785 0.249225 -0.199999 0.2 -0.246795 0.249694 -0.19997 0.199996 -0.248316 0.248173 -0.19999 0.199981 -0.249837 0.246653 -0.19999 0.199982 -0.247847 0.248642 -0.19997 0.199996 -0.249368 0.247121 -0.199999 0.199956 -0.247379 0.249111 -0.19994 0.2 -0.248899 0.24759 -0.199998 0.199993 -0.24691 0.24958 -0.199985 0.199987 -0.248431 0.248059 -0.199994 0.199975 -0.249952 0.248528 -0.199962 0.199998 -0.249483 0.247007 -0.2 0.199947 -0.247493 0.248996 -0.199928 0.199999 -0.249014 0.247476 -0.199995 0.199908 -0.247024 0.249465 -0.199884 0.199992 -0.248545 0.247944 -0.199997 0.199968;
8000 mlr-save-status label That\ live\ buffer\ is\ empty;
8300 mlr-save-status label Saving\ live\ 3...;
8330 mlr-save-status label Save\ incomplete\ -\ see\ console;
8700 s_b_buffer_states 2 0 48 300 0 4800;
8700 sample_buffer_2-view-info info sample 2 0 48000 0 4800 Empty Empty;
8720 s_b_buffer_states 2 0 0 0 0 0;
8720 sample_buffer_2-view-info info sample 2 0 0 0 0 Empty Empty;
8800 1-ui-transport label Switching\ buffer;
8820 1-grid-paused 0;
8820 1-ui-transport label Switching\ buffer;
8820 1-grid-playing 0;
8820 1-ui-transport label Switching\ buffer;
8820 1-grid-position 0;
8820 1-ui-transport label Switching\ buffer;
8820 1-ui-slot set 2;
8820 s_b_buffer_states 2 0 0 0 0 0;
8820 sample_buffer_2-view-info info sample 2 0 0 0 0 Empty Empty;
8820 1-ui-transport label Switching\ buffer;
8820 1-ui-transport label Empty\ buffer;
9300 1-grid-playing 0;
9300 1-ui-transport label Empty\ buffer;
9300 1-grid-paused 0;
9300 1-ui-transport label Empty\ buffer;
9300 1-grid-position 0;
9300 s_b_buffer_states 2 0 0 0 0 0;
9300 sample_buffer_2-view-info info sample 2 0 0 0 0 Empty Empty;
9300 1-ui-transport label Empty\ buffer;
9309 1-grid-paused 0;
9309 1-ui-transport label Empty\ buffer;
9309 1-grid-playing 0;
9309 1-ui-transport label Empty\ buffer;
9309 1-grid-position 0;
9320 s_b_buffer_states 2 1 48 300 0 4800;
9320 sample_buffer_2-view-info info sample 2 1 48000 0 4800 short\ stereo.wav Loaded;
9320 1-ui-transport label Stopped;
9320 2-ui-transport label Switching\ buffer;
9340 2-grid-paused 0;
9340 2-ui-transport label Switching\ buffer;
9340 2-grid-playing 0;
9340 2-ui-transport label Switching\ buffer;
9340 2-grid-position 0;
9340 2-ui-transport label Switching\ buffer;
9340 2-ui-slot set 2;
9340 s_b_buffer_states 2 1 48 300 0 4800;
9340 2-ui-transport label Switching\ buffer;
9340 sample_buffer_2-view-info info sample 2 1 48000 0 4800 short\ stereo.wav Loaded;
9340 1-ui-transport label Stopped;
9340 2-ui-transport label Stopped;
9500 1-open-player-view;
9500 mlr-close-views;
10200 2-grid-playing 0;
10200 2-ui-transport label Stopped;
10200 2-grid-paused 0;
10200 2-ui-transport label Stopped;
10200 2-grid-position 0;
10200 1-grid-playing 0;
10200 1-ui-transport label Stopped;
10200 1-grid-paused 0;
10200 1-ui-transport label Stopped;
10200 1-grid-position 0;
10200 s_b_buffer_states 2 0 48 300 0 4800;
10200 2-ui-transport label Empty\ buffer;
10200 sample_buffer_2-view-info info sample 2 0 48000 0 4800 Empty Empty;
10200 1-ui-transport label Empty\ buffer;
10209 2-grid-paused 0;
10209 2-ui-transport label Empty\ buffer;
10209 2-grid-playing 0;
10209 2-ui-transport label Empty\ buffer;
10209 2-grid-position 0;
10209 1-grid-paused 0;
10209 1-ui-transport label Empty\ buffer;
10209 1-grid-playing 0;
10209 1-ui-transport label Empty\ buffer;
10209 1-grid-position 0;
10220 s_b_buffer_states 2 1 44.1 39492.6 0 631881;
10220 2-ui-transport label Stopped;
10220 sample_buffer_2-view-info info sample 2 1 44100 0 631881 input.wav Loaded;
10220 1-ui-transport label Stopped;
10220 2-ui-transport label Switching\ buffer;
10240 2-grid-paused 0;
10240 2-ui-transport label Switching\ buffer;
10240 2-grid-playing 0;
10240 2-ui-transport label Switching\ buffer;
10240 2-grid-position 0;
10240 2-ui-transport label Switching\ buffer;
10240 2-ui-slot set 2;
10240 s_b_buffer_states 2 1 44.1 39492.6 0 631881;
10240 2-ui-transport label Switching\ buffer;
10240 sample_buffer_2-view-info info sample 2 1 44100 0 631881 input.wav Loaded;
10240 1-ui-transport label Stopped;
10240 2-ui-transport label Stopped;
10400 1-open-player-view;
10400 mlr-close-views;
10800 1-ui-transport label Switching\ buffer;
10820 1-grid-paused 0;
10820 1-ui-transport label Switching\ buffer;
10820 1-grid-playing 0;
10820 1-ui-transport label Switching\ buffer;
10820 1-grid-position 0;
10820 1-ui-transport label Switching\ buffer;
10820 1-ui-slot set 1;
10820 s_b_buffer_states 1 1 44.1 39492.6 0 631881;
10820 1-ui-transport label Switching\ buffer;
10820 sample_buffer_1-view-info info sample 1 1 44100 0 631881 input.wav Loaded;
10820 1-ui-transport label Stopped;
11000 1-grid-playing 1;
11000 1-ui-transport label Playing;
11000 1-grid-position 0;
11000 1-grid-paused 0;
11000 1-ui-transport label Playing;
11000 2-grid-playing 1;
11000 2-ui-transport label Playing;
11000 2-grid-position 0;
11000 2-grid-paused 0;
11000 2-ui-transport label Playing;
11020 1-grid-position 0.00139582;
11020 2-grid-position 0.00139582;
11040 1-grid-position 0.00279166;
11040 2-grid-position 0.00279166;
11060 1-grid-position 0.00418749;
11060 2-grid-position 0.00418749;
11080 1-grid-position 0.00558332;
11080 2-grid-position 0.00558332;
11100 1-grid-position 0.00697915;
11100 2-grid-position 0.00697915;
11120 1-grid-position 0.00837499;
11120 2-grid-position 0.00837499;
11140 1-grid-position 0.00977082;
11140 2-grid-position 0.00977082;
11160 1-grid-position 0.0111667;
11160 2-grid-position 0.0111667;
11180 1-grid-position 0.0125625;
11180 2-grid-position 0.0125625;
11200 1-grid-position 0.0139583;
11200 2-grid-position 0.0139583;
11220 1-grid-position 0.0153541;
11220 2-grid-position 0.0153541;
11240 1-grid-position 0.01675;
11240 2-grid-position 0.01675;
11260 1-grid-position 0.0181458;
11260 2-grid-position 0.0181458;
11280 1-grid-position 0.0195416;
11280 2-grid-position 0.0195416;
11300 1-grid-position 0.0209375;
11300 2-grid-position 0.0209375;
11320 1-grid-position 0.0223333;
11320 2-grid-position 0.0223333;
11340 1-grid-position 0.0237291;
11340 2-grid-position 0.0237291;
11360 1-grid-position 0.025125;
11360 2-grid-position 0.025125;
11380 1-grid-position 0.0265208;
11380 2-grid-position 0.0265208;
11400 1-grid-position 0.0279166;
11400 2-grid-position 0.0279166;
11420 1-grid-position 0.0293125;
11420 2-grid-position 0.0293125;
11440 1-grid-position 0.0307083;
11440 2-grid-position 0.0307083;
11460 1-grid-position 0.0321041;
11460 2-grid-position 0.0321041;
11480 1-grid-position 0.0335;
11480 2-grid-position 0.0335;
11500 1-open-player-view;
11500 mlr-close-views;
11500 1-grid-position 0.0348958;
11500 2-grid-position 0.0348958;
11520 1-grid-position 0.0362916;
11520 2-grid-position 0.0362916;
11540 1-grid-position 0.0376875;
11540 2-grid-position 0.0376875;
11560 1-grid-position 0.0390833;
11560 2-grid-position 0.0390833;
11580 1-grid-position 0.0404791;
11580 2-grid-position 0.0404791;
11600 1-grid-position 0.041875;
11600 2-grid-position 0.041875;
11620 1-grid-position 0.0432708;
11620 2-grid-position 0.0432708;
11640 1-grid-position 0.0446666;
11640 2-grid-position 0.0446666;
11660 1-grid-position 0.0460625;
11660 2-grid-position 0.0460625;
11680 1-grid-position 0.0474583;
11680 2-grid-position 0.0474583;
11700 1-grid-position 0.0488541;
11700 2-grid-position 0.0488541;
11720 1-grid-position 0.05025;
11720 2-grid-position 0.05025;
11740 1-grid-position 0.0516458;
11740 2-grid-position 0.0516458;
11760 1-grid-position 0.0530416;
11760 2-grid-position 0.0530416;
11780 1-grid-position 0.0544375;
11780 2-grid-position 0.0544375;
11800 1-grid-position 0.0558333;
11800 2-grid-position 0.0558333;
11820 1-grid-position 0.0572291;
11820 2-grid-position 0.0572291;
11840 1-grid-position 0.0586249;
11840 2-grid-position 0.0586249;
11860 1-grid-position 0.0600208;
11860 2-grid-position 0.0600208;
11880 1-grid-position 0.0614166;
11880 2-grid-position 0.0614166;
11900 1-grid-position 0.0628124;
11900 2-grid-position 0.0628124;
11920 1-grid-position 0.0642083;
11920 2-grid-position 0.0642083;
11940 1-grid-position 0.0656041;
11940 2-grid-position 0.0656041;
11960 1-grid-position 0.0669999;
11960 2-grid-position 0.0669999;
11980 1-grid-position 0.0683958;
11980 2-grid-position 0.0683958;
12000 1-grid-position 0.0697916;
12000 2-grid-position 0.0697916;
12020 1-grid-position 0.0711874;
12020 2-grid-position 0.0711874;
12040 1-grid-position 0.0725833;
12040 2-grid-position 0.0725833;
12060 1-grid-position 0.0739791;
12060 2-grid-position 0.0739791;
12080 1-grid-position 0.0753749;
12080 2-grid-position 0.0753749;
12100 1-grid-position 0.0767708;
12100 2-grid-position 0.0767708;
12120 1-grid-position 0.0781666;
12120 2-grid-position 0.0781666;
12140 1-grid-position 0.0795624;
12140 2-grid-position 0.0795624;
12160 1-grid-position 0.0809583;
12160 2-grid-position 0.0809583;
12180 1-grid-position 0.0823541;
12180 2-grid-position 0.0823541;
12200 1-grid-position 0.0837499;
12200 2-grid-position 0.0837499;
12220 1-grid-position 0.0851458;
12220 2-grid-position 0.0851458;
12240 1-grid-position 0.0865416;
12240 2-grid-position 0.0865416;
12260 1-grid-position 0.0879374;
12260 2-grid-position 0.0879374;
12280 1-grid-position 0.0893333;
12280 2-grid-position 0.0893333;
12300 1-grid-position 0.0907291;
12300 2-grid-position 0.0907291;
12320 1-grid-position 0.0921249;
12320 2-grid-position 0.0921249;
12340 1-grid-position 0.0935208;
12340 2-grid-position 0.0935208;
12360 1-grid-position 0.0949166;
12360 2-grid-position 0.0949166;
12380 1-grid-position 0.0963124;
12380 2-grid-position 0.0963124;
12400 1-grid-position 0.0977083;
12400 2-grid-position 0.0977083;
12420 1-grid-position 0.0991041;
12420 2-grid-position 0.0991041;
12440 1-grid-position 0.1005;
12440 2-grid-position 0.1005;
12460 1-grid-position 0.101896;
12460 2-grid-position 0.101896;
12480 1-grid-position 0.103292;
12480 2-grid-position 0.103292;
12500 1-grid-playing 0;
12500 1-ui-transport label Stopped;
12500 1-grid-paused 0;
12500 1-ui-transport label Stopped;
12500 1-grid-position 0;
12500 2-grid-position 0.104687;
12500 2-grid-playing 0;
12500 2-ui-transport label Stopped;
12500 2-grid-paused 0;
12500 2-ui-transport label Stopped;
12500 2-grid-position 0;
12509 1-grid-paused 0;
12509 1-ui-transport label Stopped;
12509 1-grid-playing 0;
12509 1-ui-transport label Stopped;
12509 1-grid-position 0;
12509 2-grid-paused 0;
12509 2-ui-transport label Stopped;
12509 2-grid-playing 0;
12509 2-ui-transport label Stopped;
12509 2-grid-position 0;
13000 mlr-close-views;
14000 1-grid-playing 0;
14000 1-ui-transport label Stopped;
14000 1-grid-paused 0;
14000 1-ui-transport label Stopped;
14000 1-grid-position 0;
14000 2-grid-playing 0;
14000 2-ui-transport label Stopped;
14000 2-grid-paused 0;
14000 2-ui-transport label Stopped;
14000 2-grid-position 0;
14000 clock-run-ui set 0;
14000 mlr-close-views;
